# Filename: 240626_TariLawATP_Cap5_4PDeer.DSC
# Bckg_type: polyexp2_1.0
# FirstColumn: Time[us]
# SecondColumn: BckgSubtractedData
-5.00000e-02	-6.678619763065071e-03
-4.20000e-02	-3.092578920863559e-03
-3.40000e-02	1.594549777769282e-03
-2.60000e-02	5.600704794299020e-03
-1.80000e-02	9.729587070638842e-03
-1.00000e-02	1.442395322540438e-02
-2.00000e-03	1.869050042616538e-02
6.00000e-03	1.689973966715177e-02
1.40000e-02	1.859065359395600e-02
2.20000e-02	1.950421289707585e-02
3.00000e-02	1.844108913838992e-02
3.80000e-02	2.165011016899690e-02
4.60000e-02	1.896383730407420e-02
5.40000e-02	1.955166690476174e-02
6.20000e-02	1.864641591066727e-02
7.00000e-02	1.662047529361721e-02
7.80000e-02	1.381909065168997e-02
8.60000e-02	1.117704325040557e-02
9.40000e-02	9.925465549962218e-03
1.02000e-01	9.497162711666382e-03
1.10000e-01	7.460159721030698e-03
1.18000e-01	4.855639362333668e-03
1.26000e-01	2.995032385895041e-03
1.34000e-01	1.239687031235070e-03
1.42000e-01	-1.411379820791609e-03
1.50000e-01	-4.825385640039193e-03
1.58000e-01	-2.504385672678022e-03
1.66000e-01	-7.630345307294497e-03
1.74000e-01	-6.051845156130047e-03
1.82000e-01	-9.798507135873508e-03
1.90000e-01	-9.970300031908920e-03
1.98000e-01	-9.885271365647694e-03
2.06000e-01	-1.181892382529039e-02
2.14000e-01	-1.228969579828215e-02
2.22000e-01	-1.278598004674467e-02
2.30000e-01	-1.050154857533792e-02
2.38000e-01	-1.296080428366971e-02
2.46000e-01	-1.223747070065290e-02
2.54000e-01	-1.176991438697890e-02
2.62000e-01	-1.244844250425335e-02
2.70000e-01	-1.088730397190262e-02
2.78000e-01	-1.197918286483492e-02
2.86000e-01	-1.082333364510482e-02
2.94000e-01	-9.418866780695418e-03
3.02000e-01	-1.216339614227383e-02
3.10000e-01	-8.988345597448693e-03
3.18000e-01	-1.192009001858714e-02
3.26000e-01	-7.643366775937549e-03
3.34000e-01	-9.078004206409482e-03
3.42000e-01	-7.573398080149212e-03
3.50000e-01	-8.488220081453477e-03
3.58000e-01	-5.430183575042784e-03
3.66000e-01	-6.887967308824806e-03
3.74000e-01	-4.710524864144064e-03
3.82000e-01	-3.840806579749066e-03
3.90000e-01	-1.029686154792024e-03
3.98000e-01	-2.369615493947193e-03
4.06000e-01	3.533638058557688e-04
4.14000e-01	-1.305774168213368e-04
4.22000e-01	1.211664256779575e-03
4.30000e-01	2.227720543293458e-03
4.38000e-01	4.995927175285211e-03
4.46000e-01	5.605019797560342e-03
4.54000e-01	5.672127348156289e-03
4.62000e-01	5.424793281819291e-03
4.70000e-01	5.823614337519895e-03
4.78000e-01	6.217010745338881e-03
4.86000e-01	6.094620130440626e-03
4.94000e-01	9.537774066602183e-03
5.02000e-01	6.916167663219938e-03
5.10000e-01	7.195581560387118e-03
5.18000e-01	7.482795953446645e-03
5.26000e-01	8.992810919152241e-03
5.34000e-01	6.039693028623306e-03
5.42000e-01	7.359069441943067e-03
5.50000e-01	6.518625434532637e-03
5.58000e-01	6.163154943285613e-03
5.66000e-01	5.237508799306565e-03
5.74000e-01	3.775899066451814e-03
5.82000e-01	2.519720983440327e-03
5.90000e-01	3.206566367707157e-03
5.98000e-01	4.784927724996832e-03
6.06000e-01	1.535968333789038e-04
6.14000e-01	6.049175738310673e-04
6.22000e-01	1.794207416432819e-03
6.30000e-01	-1.849125225065074e-05
6.38000e-01	1.582581405724854e-03
6.46000e-01	-1.502363444536863e-04
6.54000e-01	6.328582276946568e-04
6.62000e-01	-8.115107964529627e-04
6.70000e-01	-6.169234066319470e-04
6.78000e-01	-2.079309655195192e-03
6.86000e-01	3.788192584746155e-04
6.94000e-01	-1.271808079525419e-03
7.02000e-01	2.759363587756436e-04
7.10000e-01	-2.307834268400529e-04
7.18000e-01	-8.368852475233008e-04
7.26000e-01	1.731766713678560e-03
7.34000e-01	1.804896967155844e-03
7.42000e-01	-2.066950139519312e-03
7.50000e-01	5.748539276049099e-04
7.58000e-01	2.623667180398277e-03
7.66000e-01	2.785288836383596e-03
7.74000e-01	1.720542712173567e-03
7.82000e-01	1.262876759189518e-03
7.90000e-01	1.902582984530552e-03
7.98000e-01	2.988635237725747e-03
8.06000e-01	4.521211841755307e-03
8.14000e-01	4.409065210779387e-03
8.22000e-01	6.231942477820775e-03
8.30000e-01	8.744688981614439e-03
8.38000e-01	6.748076132670970e-03
8.46000e-01	5.492576959236040e-03
8.54000e-01	7.166209056982573e-03
8.62000e-01	7.558591998013585e-03
8.70000e-01	6.069546023226108e-03
8.78000e-01	7.117664416566007e-03
8.86000e-01	6.922232675841996e-03
8.94000e-01	8.607230228613845e-03
9.02000e-01	9.217841729625033e-03
9.10000e-01	7.872826931480019e-03
9.18000e-01	1.047775382362845e-02
9.26000e-01	8.084191143611471e-03
9.34000e-01	7.970789121767217e-03
9.42000e-01	8.622563885229889e-03
9.50000e-01	9.836656162327217e-03
9.58000e-01	7.771570265653272e-03
9.66000e-01	6.520954423569730e-03
9.74000e-01	9.959376074730681e-03
9.82000e-01	7.223615255528200e-03
9.90000e-01	8.035684473796626e-03
9.98000e-01	6.870747810731291e-03
1.00600e+00	4.649844282595891e-03
1.01400e+00	5.458956872976778e-03
1.02200e+00	6.072962513581617e-03
1.03000e+00	5.143833951235843e-03
1.03800e+00	5.777571472851347e-03
1.04600e+00	5.850375064141419e-03
1.05400e+00	5.344681753952437e-03
1.06200e+00	4.611912409237220e-03
1.07000e+00	4.912832269937339e-03
1.07800e+00	3.577504805107969e-03
1.08600e+00	5.419994279271801e-03
1.09400e+00	1.021081744224732e-03
1.10200e+00	1.302653428007771e-03
1.11000e+00	4.032311976797836e-03
1.11800e+00	9.198746430060271e-04
1.12600e+00	1.159059573249073e-03
1.13400e+00	1.813388342345085e-03
1.14200e+00	1.812775920427372e-03
1.15000e+00	6.689346690038733e-04
1.15800e+00	1.720339962030233e-03
1.16600e+00	3.176645680573861e-03
1.17400e+00	2.177563312481653e-03
1.18200e+00	9.913677298260648e-04
1.19000e+00	4.168110867262310e-03
1.19800e+00	3.216523869242129e-03
1.20600e+00	2.858052202479196e-03
1.21400e+00	1.454598178272314e-04
1.22200e+00	-5.475388138502560e-04
1.23000e+00	3.768854487040805e-03
1.23800e+00	1.943318893627838e-03
1.24600e+00	1.589390815173982e-04
1.25400e+00	9.431587896166528e-04
1.26200e+00	1.872420690444301e-04
1.27000e+00	1.124937735747419e-03
1.27800e+00	-2.867288630639905e-04
1.28600e+00	2.603758334638208e-03
1.29400e+00	3.587686877208299e-04
1.30200e+00	2.199078364231485e-03
1.31000e+00	1.629405078034991e-03
1.31800e+00	1.473454004105453e-03
1.32600e+00	3.569055519795894e-04
1.33400e+00	2.836856362887678e-03
1.34200e+00	1.330381139856402e-03
1.35000e+00	4.332959255197491e-03
1.35800e+00	1.038908983193246e-03
1.36600e+00	2.670574530383226e-03
1.37400e+00	1.708940588302085e-03
1.38200e+00	1.728692152848852e-03
1.39000e+00	1.073390843885614e-03
1.39800e+00	-3.345217331350890e-04
1.40600e+00	2.918136706902239e-03
1.41400e+00	-1.401423517987517e-03
1.42200e+00	-1.176770340401796e-03
1.43000e+00	-8.268105545917752e-04
1.43800e+00	-2.045272305045840e-03
1.44600e+00	-2.810460978663798e-03
1.45400e+00	-2.331069864005419e-03
1.46200e+00	-4.848363602814603e-04
1.47000e+00	-2.540739994152305e-03
1.47800e+00	-2.382980323392153e-03
1.48600e+00	-3.303954591799677e-03
