% signal t-range (microseconds):	0.010000000	2.1860000
% breakpoint	1	3.5790441
% svcs	1	0	1	2
% svcs	2	5	6	6
0.010000000	0.042096779	0.039061325
0.026000000	0.032738064	0.038559301
0.042000000	0.024763769	0.037775645
0.058000000	0.024415205	0.036823515
0.074000000	0.012424963	0.035741618
0.090000000	0.031130756	0.034537484
0.10600000	0.022717860	0.033217298
0.12200000	0.030020482	0.031802793
0.13800000	0.025714535	0.030313910
0.15400000	0.034943648	0.028762318
0.17000000	0.024919111	0.027158210
0.18600000	0.013612556	0.025518970
0.20200000	0.027628396	0.023861871
0.21800000	0.012745897	0.022199455
0.23400000	0.024032582	0.020541874
0.25000000	0.020036689	0.018903455
0.26600000	0.028363163	0.017297959
0.28200000	0.014680266	0.015735629
0.29800000	0.015874960	0.014223375
0.31400000	0.010183480	0.012770982
0.33000000	0.018586967	0.011386786
0.34600000	0.012934329	0.010076720
0.36200000	0.0036260272	0.0088421499
0.37800000	0.023578151	0.0076876459
0.39400000	-0.0055466801	0.0066156823
0.41000000	0.0018851159	0.0056273409
0.42600000	0.029448258	0.0047195850
0.44200000	0.0093020032	0.0038906308
0.45800000	0.023643177	0.0031411016
0.47400000	0.0056441268	0.0024658675
0.49000000	-0.016159241	0.0018613057
0.50600000	-0.0049771864	0.0013214414
0.52200000	-0.014832130	0.00084393666
0.53800000	0.0083530740	0.00042568681
0.55400000	-0.010300235	0.000058347838
0.57000000	-0.022744258	-0.00026267891
0.58600000	-0.0063014100	-0.00053846501
0.60200000	0.011546901	-0.00077389461
0.61800000	0.012808316	-0.00097389641
0.63400000	-0.0027058614	-0.0011426448
0.65000000	0.010525792	-0.0012819779
0.66600000	-0.0070956814	-0.0013917989
0.68200000	-0.0092107464	-0.0014747303
0.69800000	0.011850660	-0.0015365353
0.71400000	-0.0062708107	-0.0015769071
0.73000000	0.0045327601	-0.0015912359
0.74600000	-0.016352481	-0.0015811408
0.76200000	-0.011971311	-0.0015528298
0.77800000	-0.0087769642	-0.0015066716
0.79400000	0.014973053	-0.0014357737
0.81000000	-0.011606005	-0.0013392043
0.82600000	-0.00019775669	-0.0012222642
0.84200000	0.00071518357	-0.0010896350
0.85800000	0.0081649277	-0.00093680062
0.87400000	0.012680083	-0.00075912882
0.89000000	-0.016336287	-0.00055929418
0.90600000	-0.00044125346	-0.00034434317
0.92200000	0.0060456399	-0.00011795360
0.93800000	0.00092682035	0.00012399910
0.95400000	0.0076654902	0.00038360479
0.97000000	-0.000096250297	0.00065626636
0.98600000	-0.0017216563	0.00093457972
1.0020000	-0.0075962449	0.0012137881
1.0180000	0.017378564	0.0014950593
1.0340000	0.016136870	0.0017796017
1.0500000	0.0050792571	0.0020641057
1.0660000	-0.0015454078	0.0023432778
1.0820000	-0.014729697	0.0026102344
1.0980000	0.0095057987	0.0028616882
1.1140000	0.0019452497	0.0030990596
1.1300000	0.013216403	0.0033243640
1.1460000	-0.0058769251	0.0035349935
1.1620000	0.0055867182	0.0037244671
1.1780000	-0.011897571	0.0038857940
1.1940000	0.017701481	0.0040195147
1.2100000	-0.00040536012	0.0041311588
1.2260000	-0.0061182924	0.0042223989
1.2420000	0.0065728274	0.0042900869
1.2580000	-0.0018239644	0.0043298780
1.2740000	0.0098358388	0.0043403274
1.2900000	0.013882844	0.0043219912
1.3060000	0.00065554803	0.0042786051
1.3220000	-0.018254896	0.0042136623
1.3380000	0.0012130792	0.0041292001
1.3540000	-0.0014085037	0.0040246442
1.3700000	0.010372997	0.0038964578
1.3860000	0.00065097861	0.0037436660
1.4020000	0.015410576	0.0035709756
1.4180000	0.016443264	0.0033844495
1.4340000	-0.00044026000	0.0031864542
1.4500000	0.0033749470	0.0029758451
1.4660000	-0.011949198	0.0027541572
1.4820000	0.0082318642	0.0025230149
1.4980000	0.012132770	0.0022812022
1.5140000	0.017483971	0.0020286276
1.5300000	0.011469963	0.0017695142
1.5460000	-0.012033139	0.0015110119
1.5620000	-0.0041485339	0.0012561113
1.5780000	0.0026808461	0.0010021880
1.5940000	-0.0021536342	0.00074654034
1.6100000	-0.010409702	0.00049114328
1.6260000	0.0093648421	0.00023861546
1.6420000	-0.010422300	-0.0000093555911
1.6580000	0.0010272572	-0.00025215972
1.6740000	-0.019116215	-0.00048630740
1.6900000	0.0024930912	-0.00070633370
1.7060000	0.0025513300	-0.00091220789
1.7220000	-0.012465460	-0.0011094330
1.7380000	0.00049183367	-0.0013019273
1.7540000	0.0044584091	-0.0014867658
1.7700000	0.0056032027	-0.0016580674
1.7860000	0.013061682	-0.0018129720
1.8020000	0.00013245293	-0.0019525842
1.8180000	0.000085775091	-0.0020781043
1.8340000	0.0073906958	-0.0021881929
1.8500000	-0.0035225853	-0.0022830819
1.8660000	-0.0020212528	-0.0023666042
1.8820000	0.010101086	-0.0024412769
1.8980000	-0.0021456051	-0.0025069878
1.9140000	0.0035887452	-0.0025602516
1.9300000	-0.018461404	-0.0025975928
1.9460000	-0.014992951	-0.0026182807
1.9620000	-0.0080522731	-0.0026255588
1.9780000	0.0069262940	-0.0026242800
1.9940000	-0.015707286	-0.0026168268
2.0100000	0.0073449169	-0.0026025149
2.0260000	0.0015394440	-0.0025802785
2.0420000	-0.014405053	-0.0025510876
2.0580000	-0.013458825	-0.0025169397
2.0740000	0.010972353	-0.0024781278
2.0900000	-0.011845693	-0.0024311676
2.1060000	-0.00060324154	-0.0023750130
2.1220000	-0.0071655655	-0.0023134793
2.1380000	-0.0027434880	-0.0022513615
2.1540000	0.014317891	-0.0021909604
2.1700000	-0.0025851027	-0.0021319354
2.1860000	-0.0055827575	-0.0020735501
