% signal t-range (microseconds):	0.026000000	2.3220000
% breakpoint	1	3.1193380
% svcs	1	4	6	7
% svcs	2	9	13	20
0.026000000	0.15814699	0.16602831
0.034000000	0.15774399	0.16547064
0.042000000	0.17071374	0.16447383
0.050000000	0.14849599	0.16318984
0.058000000	0.16166959	0.16172093
0.066000000	0.15940596	0.16010620
0.074000000	0.17242681	0.15835768
0.082000000	0.15690959	0.15648568
0.090000000	0.14769012	0.15449466
0.098000000	0.15534789	0.15237685
0.10600000	0.15312829	0.15012208
0.11400000	0.14597232	0.14773047
0.12200000	0.14556411	0.14521232
0.13000000	0.13465430	0.14258078
0.13800000	0.13959802	0.13984880
0.14600000	0.12943096	0.13702954
0.15400000	0.13070470	0.13413436
0.16200000	0.12520866	0.13117027
0.17000000	0.13185143	0.12814213
0.17800000	0.11758502	0.12505721
0.18600000	0.12709511	0.12192629
0.19400000	0.10905502	0.11876119
0.20200000	0.11966305	0.11557299
0.21000000	0.11901968	0.11237184
0.21800000	0.10052156	0.10916626
0.22600000	0.10519240	0.10596216
0.23400000	0.10983524	0.10276385
0.24200000	0.10858851	0.099576371
0.25000000	0.11059091	0.096406183
0.25800000	0.096732566	0.093260093
0.26600000	0.088751255	0.090144328
0.27400000	0.082740885	0.087064398
0.28200000	0.076492661	0.084024520
0.29000000	0.071360882	0.081026893
0.29800000	0.085042335	0.078072373
0.30600000	0.075733865	0.075162184
0.31400000	0.068302393	0.072298651
0.32200000	0.073476676	0.069484526
0.33000000	0.065330536	0.066722379
0.33800000	0.056123709	0.064014583
0.34600000	0.055604523	0.061362925
0.35400000	0.048435045	0.058767905
0.36200000	0.053514970	0.056228977
0.37000000	0.054684259	0.053745790
0.37800000	0.060779115	0.051318910
0.38600000	0.054750434	0.048949398
0.39400000	0.052131300	0.046638311
0.40200000	0.048040848	0.044386683
0.41000000	0.038663357	0.042195320
0.41800000	0.042682755	0.040064256
0.42600000	0.039734665	0.037992848
0.43400000	0.042864419	0.035980712
0.44200000	0.037876624	0.034028295
0.45000000	0.038945401	0.032136485
0.45800000	0.026457084	0.030306074
0.46600000	0.032357044	0.028537699
0.47400000	0.029768786	0.026831697
0.48200000	0.019994307	0.025187649
0.49000000	0.026839005	0.023604428
0.49800000	0.021400437	0.022081033
0.50600000	0.022283955	0.020617172
0.51400000	0.015909621	0.019212925
0.52200000	0.0084296937	0.017868192
0.53000000	0.018013908	0.016582629
0.53800000	0.026302080	0.015355593
0.54600000	0.019785100	0.014185727
0.55400000	0.012642529	0.013070916
0.56200000	0.0044816993	0.012009037
0.57000000	0.017349461	0.010998595
0.57800000	0.0098365766	0.010038448
0.58600000	0.0034841476	0.0091272342
0.59400000	0.010843916	0.0082633193
0.60200000	0.0026874437	0.0074448423
0.61000000	-0.0047993683	0.0066693576
0.61800000	0.010152370	0.0059337200
0.62600000	0.00075881689	0.0052348151
0.63400000	-0.00023702831	0.0045703101
0.64200000	-0.00052617878	0.0039384405
0.65000000	-0.011024757	0.0033373914
0.65800000	0.013599820	0.0027652602
0.66600000	0.0012708922	0.0022202243
0.67400000	-0.0052187167	0.0017001354
0.68200000	-0.0060196184	0.0012021597
0.69000000	0.0042478137	0.00072344293
0.69800000	0.0010519558	0.00026207474
0.70600000	0.0067007643	-0.00018305095
0.71400000	0.00036239046	-0.00061309015
0.72200000	0.011063890	-0.0010293402
0.73000000	0.0032952466	-0.0014327123
0.73800000	-0.0044512650	-0.0018239671
0.74600000	0.0022621226	-0.0022045015
0.75400000	-0.0091988240	-0.0025760467
0.76200000	0.00082891988	-0.0029393570
0.77000000	-0.0052411992	-0.0032939142
0.77800000	-0.0042120171	-0.0036391408
0.78600000	0.0017611926	-0.0039751145
0.79400000	0.00018222782	-0.0043018021
0.80200000	-0.0062870816	-0.0046185545
0.81000000	-0.013824981	-0.0049250375
0.81800000	-0.0028343719	-0.0052218821
0.82600000	-0.0017030085	-0.0055095080
0.83400000	-0.012605272	-0.0057867975
0.84200000	-0.0032122599	-0.0060518382
0.85000000	-0.00010259659	-0.0063036237
0.85800000	-0.0047782587	-0.0065420700
0.86600000	-0.0015446228	-0.0067666376
0.87400000	-0.017317573	-0.0069761288
0.88200000	-0.016373538	-0.0071699666
0.89000000	-0.016810403	-0.0073485158
0.89800000	-0.0057120871	-0.0075116092
0.90600000	0.0013714483	-0.0076576114
0.91400000	-0.0097973138	-0.0077846441
0.92200000	-0.0095074457	-0.0078922122
0.93000000	0.0013477591	-0.0079809590
0.93800000	-0.0030170634	-0.0080512215
0.94600000	-0.013590853	-0.0081025957
0.95400000	-0.0067281694	-0.0081347815
0.96200000	-0.010126165	-0.0081480619
0.97000000	-0.0075395304	-0.0081426694
0.97800000	-0.0076260977	-0.0081181309
0.98600000	-0.011231244	-0.0080736410
0.99400000	-0.0059205554	-0.0080090483
1.0020000	-0.00018497778	-0.0079252994
1.0100000	-0.0074189026	-0.0078238437
1.0180000	-0.015468743	-0.0077055768
1.0260000	-0.0034805865	-0.0075703847
1.0340000	-0.0065915020	-0.0074177712
1.0420000	-0.0025959025	-0.0072478546
1.0500000	-0.0042097414	-0.0070615654
1.0580000	-0.0052212869	-0.0068599301
1.0660000	0.0016556190	-0.0066435554
1.0740000	-0.0067910479	-0.0064130248
1.0820000	-0.010978758	-0.0061694573
1.0900000	-0.025205737	-0.0059142119
1.0980000	0.0075230224	-0.0056480372
1.1060000	-0.011160335	-0.0053708256
1.1140000	-0.0028418161	-0.0050823283
1.1220000	-0.0060225577	-0.0047830341
1.1300000	-0.010259785	-0.0044743854
1.1380000	-0.0032571375	-0.0041582458
1.1460000	-0.0072074330	-0.0038360682
1.1540000	-0.00033220265	-0.0035083805
1.1620000	-0.0050048994	-0.0031750621
1.1700000	-0.0066204776	-0.0028362406
1.1780000	0.0041061651	-0.0024929181
1.1860000	-0.0031636342	-0.0021466932
1.1940000	-0.0035117202	-0.0017990523
1.2020000	0.0018951706	-0.0014511278
1.2100000	-0.0059293654	-0.0011039910
1.2180000	-0.0066952327	-0.00075879719
1.2260000	-0.010881620	-0.00041651033
1.2340000	-0.0016624263	-0.000077657170
1.2420000	0.0042025892	0.00025752191
1.2500000	0.0072988985	0.00058867283
1.2580000	0.0099196796	0.00091494786
1.2660000	-0.0073765801	0.0012348346
1.2740000	-0.0013542907	0.0015464606
1.2820000	-0.0047853569	0.0018484144
1.2900000	0.0097776367	0.0021404289
1.2980000	0.0040810131	0.0024231238
1.3060000	0.0034462995	0.0026969546
1.3140000	0.0034003801	0.0029613973
1.3220000	-0.0010902502	0.0032150042
1.3300000	0.0052146770	0.0034560214
1.3380000	0.0036398331	0.0036830468
1.3460000	0.013351656	0.0038955328
1.3540000	0.0073394280	0.0040939180
1.3620000	-0.00019345203	0.0042791167
1.3700000	0.0028326934	0.0044516619
1.3780000	0.017364700	0.0046112969
1.3860000	0.0072166769	0.0047572786
1.3940000	0.010918071	0.0048888068
1.4020000	0.00083665953	0.0050051654
1.4100000	0.0034622553	0.0051058815
1.4180000	0.010452036	0.0051911050
1.4260000	-0.000034285129	0.0052617328
1.4340000	0.0057793888	0.0053189409
1.4420000	-0.0052552704	0.0053635882
1.4500000	0.00015666107	0.0053959992
1.4580000	0.011288085	0.0054159377
1.4660000	-0.00084189664	0.0054225671
1.4740000	0.000070787402	0.0054148258
1.4820000	0.012126747	0.0053924168
1.4900000	0.0035743014	0.0053565462
1.4980000	0.014533209	0.0053094887
1.5060000	0.0041333088	0.0052533892
1.5140000	0.010644336	0.0051894204
1.5220000	0.0069692097	0.0051176020
1.5300000	0.0031230761	0.0050369040
1.5380000	-0.0025932068	0.0049457590
1.5460000	-0.0026775432	0.0048432999
1.5540000	0.0093934280	0.0047305598
1.5620000	-0.0058196083	0.0046102943
1.5700000	0.010954956	0.0044854471
1.5780000	0.011798864	0.0043577657
1.5860000	0.0033231473	0.0042275021
1.5940000	0.00041430547	0.0040937048
1.6020000	0.0077055768	0.0039546386
1.6100000	-0.0074191432	0.0038087463
1.6180000	0.0045904896	0.0036560869
1.6260000	0.0047220552	0.0034989240
1.6340000	0.012921224	0.0033405878
1.6420000	-0.00098740919	0.0031836765
1.6500000	0.0052307964	0.0030292118
1.6580000	-0.0010769377	0.0028768469
1.6660000	0.0052945051	0.0027252289
1.6740000	-0.0010863993	0.0025724563
1.6820000	0.0069366238	0.0024171961
1.6900000	0.0020685829	0.0022599764
1.6980000	0.0080723475	0.0021032765
1.7060000	-0.0010965002	0.0019501403
1.7140000	-0.0074079590	0.0018026605
1.7220000	-0.0011342451	0.0016614676
1.7300000	0.0069484690	0.0015259351
1.7380000	0.0087599405	0.0013944554
1.7460000	0.0076846505	0.0012649622
1.7540000	0.0050984362	0.0011360286
1.7620000	-0.00089526100	0.0010079463
1.7700000	-0.0039084344	0.00088277447
1.7780000	-0.0075175008	0.00076324880
1.7860000	0.0079091132	0.00065145956
1.7940000	-0.0018831029	0.00054813928
1.8020000	-0.0015788873	0.00045264490
1.8100000	0.0022344685	0.00036331645
1.8180000	0.0042273299	0.00027804700
1.8260000	-0.0040003794	0.00019507670
1.8340000	0.0013657509	0.00011385048
1.8420000	0.0038201864	0.000035441646
1.8500000	-0.0026430475	-0.000037930821
1.8580000	0.0035834272	-0.00010412110
1.8660000	0.0057991567	-0.00016214377
1.8740000	-0.0045706463	-0.00021240419
1.8820000	-0.0012023849	-0.00025624878
1.8900000	-0.00018119199	-0.00029549411
1.8980000	0.0027642539	-0.00033207948
1.9060000	0.0021405137	-0.00036746879
1.9140000	0.0055333980	-0.00040187146
1.9220000	-0.012187861	-0.00043403166
1.9300000	-0.010415975	-0.00046198790
1.9380000	-0.0040126011	-0.00048417842
1.9460000	-0.0046783948	-0.00050001973
1.9540000	-0.0037250750	-0.00050986231
1.9620000	-0.0037648263	-0.00051480017
1.9700000	-0.0041759880	-0.00051651645
1.9780000	-0.0013953566	-0.00051692822
1.9860000	-0.0012844162	-0.00051754824
1.9940000	0.014361396	-0.00051886567
2.0020000	-0.0030549238	-0.00052011863
2.0100000	-0.0045100932	-0.00051962861
2.0180000	-0.00054525891	-0.00051558972
2.0260000	-0.0091193862	-0.00050690077
2.0340000	0.0024871392	-0.00049354735
2.0420000	0.0072646510	-0.00047644862
2.0500000	0.0025787345	-0.00045714788
2.0580000	-0.00056704887	-0.00043756183
2.0660000	0.0050035313	-0.00041951049
2.0740000	0.0090100034	-0.00040388850
2.0820000	0.00026382385	-0.00039005120
2.0900000	-0.00057332867	-0.00037609869
2.0980000	0.0092959186	-0.00035989471
2.1060000	-0.00023625468	-0.00033999972
2.1140000	-0.0034820228	-0.00031604121
2.1220000	-0.014564195	-0.00028867728
2.1300000	-0.0036640766	-0.00025935707
2.1380000	0.0019228361	-0.00022986348
2.1460000	-0.0070447450	-0.00020173331
2.1540000	0.0047015161	-0.00017581613
2.1620000	0.0050854806	-0.00015206096
2.1700000	-0.00093655117	-0.00012948227
2.1780000	0.0067684692	-0.00010644842
2.1860000	0.0015342117	-0.000081403109
2.1940000	-0.0028552164	-0.000053584454
2.2020000	0.0012514551	-0.000023101293
2.2100000	-0.00068748489	0.0000095525574
2.2180000	-0.0020742233	0.000043803518
2.2260000	-0.0016907335	0.000078837304
2.2340000	0.0029960921	0.00011352235
2.2420000	0.0048272319	0.00014682740
2.2500000	-0.012435976	0.00017834493
2.2580000	-0.0032993148	0.00020842473
2.2660000	0.0076640608	0.00023802123
2.2740000	-0.0070883921	0.00026851482
2.2820000	-0.00043802159	0.00030137601
2.2900000	0.0010988378	0.00033758590
2.2980000	-0.0027600805	0.00037722582
2.3060000	-0.0055017735	0.00041956558
2.3140000	0.0031015691	0.00046331965
2.3220000	0.010525840	0.00050671701
