% signal t-range:	0.0000000	4.8160000
% breakpoint	1	2.9435216
% svcs	1	0	0	1
% svcs	2	14	18	18
2	3.07367E-5	3.07367E-5	1.38505E-4
2.02658	3.1921E-5	3.1921E-5	1.43884E-4
2.05316	3.31342E-5	3.31342E-5	1.49368E-4
2.07973	3.4385E-5	3.4385E-5	1.55063E-4
2.10631	3.56882E-5	3.56882E-5	1.61164E-4
2.13289	3.70403E-5	3.70403E-5	1.6768E-4
2.15947	3.83888E-5	3.83888E-5	1.73983E-4
2.18605	3.96923E-5	3.96923E-5	1.79414E-4
2.21262	4.10827E-5	4.10827E-5	1.85492E-4
2.2392	4.26114E-5	4.26114E-5	1.93188E-4
2.26578	4.4027E-5	4.4027E-5	1.99381E-4
2.29236	4.54948E-5	4.54948E-5	2.05575E-4
2.31894	4.71409E-5	4.71409E-5	2.14046E-4
2.34551	4.85794E-5	4.85794E-5	2.19582E-4
2.37209	5.03146E-5	5.03146E-5	2.28357E-4
2.39867	5.18422E-5	5.18422E-5	2.34666E-4
2.42525	5.36296E-5	5.36296E-5	2.43403E-4
2.45183	5.52261E-5	5.52261E-5	2.50077E-4
2.47841	5.71166E-5	5.71166E-5	2.59535E-4
2.50498	5.87349E-5	5.87349E-5	2.65803E-4
2.53156	6.07478E-5	6.07478E-5	2.7646E-4
2.55814	6.24437E-5	6.24437E-5	2.82694E-4
2.58472	6.44262E-5	6.44262E-5	2.92898E-4
2.6113	6.64159E-5	6.64159E-5	3.01824E-4
2.63787	6.82089E-5	6.82089E-5	3.08948E-4
2.66445	7.04271E-5	7.04271E-5	3.20869E-4
2.69103	7.24326E-5	7.24326E-5	3.29017E-4
2.71761	7.43585E-5	7.43585E-5	3.37057E-4
2.74419	7.67083E-5	7.67083E-5	3.4971E-4
2.77076	7.88888E-5	7.88888E-5	3.58951E-4
2.79734	8.08791E-5	8.08791E-5	3.66619E-4
2.82392	8.32452E-5	8.32452E-5	3.79023E-4
2.8505	8.57428E-5	8.57428E-5	3.91363E-4
2.87708	3.99922E-4	3.99922E-4	9.04329E-4
2.90365	0.00101931	9.225E-4	0.00135661
2.93023	0.00115047	0.00102137	0.00157432
2.95681	0.00142285	0.00119858	0.00183566
2.98339	0.00225981	0.00165487	0.00247213
3.00997	0.00311235	0.00209624	0.00311235
3.03654	0.00336234	0.00227244	0.00336234
3.06312	0.00315712	0.00233278	0.00315712
3.0897	0.00313721	0.00257077	0.00313721
3.11628	0.00337183	0.00278386	0.00343626
3.14286	0.00343445	0.00299962	0.00391383
3.16944	0.00302282	0.00295839	0.00413661
3.19601	0.00242278	0.00242278	0.00413864
3.22259	0.00238391	0.00238391	0.00424407
3.24917	0.0032922	0.0032922	0.00450106
3.27575	0.00478872	0.00427209	0.00522215
3.30233	0.00609273	0.00434669	0.00609273
3.3289	0.00645996	0.00416653	0.00645996
3.35548	0.00564202	0.00369025	0.00564202
3.38206	0.00407124	0.00308186	0.00407124
3.40864	0.00250936	0.00240245	0.00324793
3.43522	0.00155837	0.00155837	0.0032224
3.46179	0.00146287	0.00146287	0.003337
3.48837	0.00212343	0.00212343	0.00349768
3.51495	0.00317189	0.00317189	0.00373785
3.54153	0.0041501	0.00364592	0.00420954
3.56811	0.00474737	0.00361364	0.00474737
3.59468	0.00490874	0.0036071	0.00490874
3.62126	0.00475202	0.00370112	0.00475202
3.64784	0.00443038	0.00389937	0.00443038
3.67442	0.00406865	0.00396325	0.0041374
3.701	0.00376024	0.00376024	0.00432479
3.72757	0.00355662	0.00355662	0.00438041
3.75415	0.00344242	0.00344242	0.0042478
3.78073	0.00334119	0.00334119	0.00390584
3.80731	0.00316854	0.00316854	0.00340366
3.83389	0.00289405	0.00276291	0.00293971
3.86047	0.00256234	0.00216804	0.00256234
3.88704	0.00226283	0.00172401	0.00226283
3.91362	0.00207995	0.0015233	0.00207995
3.9402	0.00206186	0.00160558	0.00206186
3.96678	0.00222057	0.00195884	0.00222057
3.99336	0.00254916	0.00249401	0.00254916
4.01993	0.00303377	0.00303377	0.00325704
4.04651	0.00365022	0.00365022	0.00404701
4.07309	0.0043517	0.0043517	0.00481652
4.09967	0.0050616	0.0050616	0.00548229
4.12625	0.00568167	0.00568167	0.00597363
4.15282	0.00611434	0.00611434	0.00624226
4.1794	0.00628953	0.00625391	0.00628953
4.20598	0.00618403	0.00606727	0.00618403
4.23256	0.00582584	0.00567631	0.00582584
4.25914	0.0052833	0.00515014	0.0052833
4.28571	0.00464449	0.0045505	0.00464449
4.31229	0.00399528	0.00393451	0.00399528
4.33887	0.00340268	0.0033493	0.00340998
4.36545	0.00290716	0.00282977	0.00292086
4.39203	0.00252356	0.00239912	0.00253592
4.4186	0.00224778	0.00207078	0.00224948
4.44518	0.00206568	0.00185042	0.00206568
4.47176	0.0019607	0.00173724	0.0019607
4.49834	0.00191867	0.00172463	0.00191867
4.52492	0.00192931	0.00179974	0.00192931
4.5515	0.00198521	0.0019235	0.00198521
4.57807	0.00207954	0.0020663	0.00214142
4.60465	0.00220393	0.00220393	0.00235981
4.63123	0.00234707	0.00234707	0.00257602
4.65781	0.00249477	0.00249477	0.00276603
4.68439	0.00263105	0.00263105	0.00290977
4.71096	0.00274	0.00274	0.00299287
4.73754	0.00280778	0.00280778	0.00300762
4.76412	0.00282434	0.00282434	0.00295302
4.7907	0.00278448	0.00278448	0.00283596
4.81728	0.00268814	0.00266034	0.00269995
4.84385	0.00253997	0.00244453	0.00253997
4.87043	0.00234825	0.00220047	0.00234825
4.89701	0.00212362	0.0019417	0.00212362
4.92359	0.00187764	0.00168017	0.00187764
4.95017	0.00162157	0.00142549	0.00162157
4.97674	0.00136532	0.00118452	0.00136532
5.00332	0.00111693	9.61431E-4	0.00111693
5.0299	8.82236E-4	7.58041E-4	8.82236E-4
5.05648	6.6498E-4	5.74374E-4	6.6498E-4
5.08306	4.6711E-4	4.09291E-4	4.6711E-4
5.10963	2.89223E-4	2.61124E-4	2.89223E-4
5.13621	1.31076E-4	1.21213E-4	1.34302E-4
5.16279	-7.94032E-6	-1.20763E-5	1.38462E-5
5.18937	-1.28392E-4	-1.28392E-4	-9.27722E-5
5.21595	-2.30522E-4	-2.30522E-4	-1.85335E-4
5.24252	-3.14087E-4	-3.14087E-4	-2.62817E-4
5.2691	-3.78321E-4	-3.78321E-4	-3.22264E-4
5.29568	-4.21999E-4	-4.21999E-4	-3.62208E-4
5.32226	-4.43583E-4	-4.43583E-4	-3.80477E-4
5.34884	-4.41412E-4	-4.41412E-4	-3.74693E-4
5.37542	-4.13913E-4	-4.13913E-4	-3.42809E-4
5.40199	-3.59801E-4	-3.59801E-4	-2.8332E-4
5.42857	-2.78262E-4	-2.78262E-4	-1.95423E-4
5.45515	-1.69087E-4	-1.69087E-4	-7.91192E-5
5.48173	-3.27598E-5	-3.27598E-5	6.4747E-5
5.50831	1.29505E-4	1.29505E-4	2.34503E-4
5.53488	3.15776E-4	3.15776E-4	4.27711E-4
5.56146	5.23456E-4	5.23456E-4	6.41271E-4
5.58804	7.49376E-4	7.49376E-4	8.71553E-4
5.61462	9.89913E-4	9.89913E-4	0.00111454
5.6412	0.00124112	0.00124112	0.00136599
5.66777	0.00149885	0.00149885	0.00162157
5.69435	0.00175894	0.00175894	0.00187702
5.72093	0.00201729	0.00201729	0.00212828
5.74751	0.00227	0.00227	0.00237158
5.77409	0.00251348	0.00251348	0.00260352
5.80066	0.00274452	0.00274452	0.00282117
5.82724	0.00296036	0.00296036	0.00302209
5.85382	0.00315868	0.00315868	0.00320435
5.8804	0.00333771	0.00333771	0.00336653
5.90698	0.00349614	0.00349545	0.00350771
5.93355	0.00363317	0.00362745	0.00363317
5.96013	0.00374843	0.00372576	0.00374843
5.98671	0.00384202	0.00380301	0.00384202
6.01329	0.00391437	0.00385994	0.00391437
6.03987	0.00396626	0.00389756	0.00396626
6.06645	0.00399876	0.00391712	0.00399876
6.09302	0.00401314	0.00392004	0.00401314
6.1196	0.00401085	0.00390788	0.00401085
6.14618	0.00399347	0.00388227	0.00399347
6.17276	0.00396265	0.00384488	0.00396265
6.19934	0.00392008	0.00379738	0.00392008
6.22591	0.00386743	0.00374141	0.00386743
6.25249	0.00380635	0.00367855	0.00380635
6.27907	0.00373844	0.00361028	0.00373844
6.30565	0.00366517	0.003538	0.00366517
6.33223	0.00358796	0.00346299	0.00358796
6.3588	0.00350809	0.00338639	0.00350809
6.38538	0.0034267	0.00330923	0.0034267
6.41196	0.00334484	0.0032324	0.00334484
6.43854	0.0032634	0.00315667	0.0032634
6.46512	0.00318315	0.00308268	0.00318315
6.49169	0.00310474	0.00301096	0.00310474
6.51827	0.0030287	0.00294191	0.0030287
6.54485	0.00295543	0.00287584	0.00295543
6.57143	0.00288525	0.00281295	0.00288525
6.59801	0.00281837	0.00275338	0.00281837
6.62458	0.00275492	0.00269717	0.00275492
6.65116	0.00269495	0.0026443	0.00269495
6.67774	0.00263843	0.0025947	0.00263843
6.70432	0.00258531	0.00254825	0.00258531
6.7309	0.00253545	0.00250479	0.00253545
6.75748	0.0024887	0.00246412	0.0024887
6.78405	0.00244485	0.00242603	0.00244485
6.81063	0.00240371	0.00239028	0.00240371
6.83721	0.00236502	0.00235664	0.00236502
6.86379	0.00232856	0.00232486	0.00232856
6.89037	0.00229406	0.00229406	0.00229468
6.91694	0.00226127	0.00226127	0.00226587
6.94352	0.00222996	0.00222996	0.00223818
6.9701	0.00219987	0.00219987	0.00221138
6.99668	0.00217078	0.00217078	0.00218528
7.02326	0.00214248	0.00214248	0.00215965
7.04983	0.00211475	0.00211475	0.00213432
7.07641	0.00208741	0.00208741	0.00210913
7.10299	0.0020603	0.0020603	0.00208391
7.12957	0.00203325	0.00203325	0.00205853
7.15615	0.00200613	0.00200613	0.00203289
7.18272	0.00197882	0.00197882	0.00200688
7.2093	0.00195123	0.00195123	0.00198042
7.23588	0.00192326	0.00192326	0.00195344
7.26246	0.00189486	0.00189486	0.0019259
7.28904	0.00186597	0.00186597	0.00189775
7.31561	0.00183655	0.00183655	0.00186899
7.34219	0.00180659	0.00180659	0.00183959
7.36877	0.00177606	0.00177606	0.00180956
7.39535	0.00174498	0.00174498	0.00177891
7.42193	0.00171335	0.00171335	0.00174768
7.4485	0.00168119	0.00168119	0.00171588
7.47508	0.00164855	0.00164855	0.00168355
7.50166	0.00161545	0.00161545	0.00165075
7.52824	0.00158194	0.00158194	0.00161751
7.55482	0.00154808	0.00154808	0.00158391
7.5814	0.00151391	0.00151391	0.00154999
7.60797	0.00147949	0.00147949	0.00151581
7.63455	0.0014449	0.0014449	0.00148145
7.66113	0.00141018	0.00141018	0.00144696
7.68771	0.00137541	0.00137541	0.00141242
7.71429	0.00134066	0.00134066	0.00137789
7.74086	0.00130598	0.00130598	0.00134343
7.76744	0.00127146	0.00127146	0.00130911
7.79402	0.00123714	0.00123714	0.001275
7.8206	0.00120311	0.00120311	0.00124116
7.84718	0.00116941	0.00116941	0.00120765
7.87375	0.00113612	0.00113612	0.00117453
7.90033	0.00110329	0.00110329	0.00114185
7.92691	0.00107098	0.00107098	0.00110968
7.95349	0.00103924	0.00103924	0.00107805
7.98007	0.00100812	0.00100812	0.00104702
8.00664	9.77671E-4	9.77671E-4	0.00101664
8.03322	9.47941E-4	9.47941E-4	9.86952E-4
8.0598	9.1897E-4	9.1897E-4	9.57986E-4
8.08638	8.90797E-4	8.90797E-4	9.29785E-4
8.11296	8.63458E-4	8.63458E-4	9.0238E-4
8.13953	8.36985E-4	8.36985E-4	8.75802E-4
8.16611	8.11408E-4	8.11408E-4	8.50079E-4
8.19269	7.86754E-4	7.86754E-4	8.25235E-4
8.21927	7.63047E-4	7.63047E-4	8.0129E-4
8.24585	7.40306E-4	7.40306E-4	7.78264E-4
8.27243	7.18549E-4	7.18549E-4	7.56173E-4
8.299	6.97791E-4	6.97791E-4	7.35029E-4
8.32558	6.78044E-4	6.78044E-4	7.14843E-4
8.35216	6.59318E-4	6.59318E-4	6.95623E-4
8.37874	6.4162E-4	6.4162E-4	6.77375E-4
8.40532	6.24953E-4	6.24953E-4	6.60102E-4
8.43189	6.09321E-4	6.09321E-4	6.43807E-4
8.45847	5.94723E-4	5.94723E-4	6.28487E-4
8.48505	5.81157E-4	5.81157E-4	6.14141E-4
8.51163	5.68619E-4	5.68619E-4	6.00764E-4
8.53821	5.57104E-4	5.57104E-4	5.8835E-4
8.56478	5.46605E-4	5.46605E-4	5.76893E-4
8.59136	5.37111E-4	5.37111E-4	5.66382E-4
8.61794	5.28613E-4	5.28613E-4	5.56807E-4
8.64452	5.21099E-4	5.21099E-4	5.48157E-4
8.6711	5.14555E-4	5.14555E-4	5.4042E-4
8.69767	5.08967E-4	5.08967E-4	5.3358E-4
8.72425	5.04321E-4	5.04321E-4	5.27624E-4
8.75083	5.00598E-4	5.00598E-4	5.22536E-4
8.77741	4.97783E-4	4.97783E-4	5.183E-4
8.80399	4.95857E-4	4.95857E-4	5.14898E-4
8.83056	4.94802E-4	4.94802E-4	5.12313E-4
8.85714	4.94598E-4	4.94598E-4	5.10526E-4
8.88372	4.95226E-4	4.95226E-4	5.0952E-4
8.9103	4.96665E-4	4.96665E-4	5.09274E-4
8.93688	4.98894E-4	4.98894E-4	5.0977E-4
8.96346	5.01893E-4	5.01893E-4	5.10987E-4
8.99003	5.0564E-4	5.0564E-4	5.12906E-4
9.01661	5.10115E-4	5.10115E-4	5.15507E-4
9.04319	5.15295E-4	5.15295E-4	5.1877E-4
9.06977	5.21158E-4	5.21158E-4	5.22674E-4
9.09635	5.27684E-4	5.272E-4	5.27734E-4
9.12292	5.3485E-4	5.32327E-4	5.3485E-4
9.1495	5.42635E-4	5.38035E-4	5.42635E-4
9.17608	5.51018E-4	5.44303E-4	5.51018E-4
9.20266	5.59976E-4	5.51113E-4	5.59976E-4
9.22924	5.69489E-4	5.58444E-4	5.69489E-4
9.25581	5.79535E-4	5.66277E-4	5.79535E-4
9.28239	5.90095E-4	5.74593E-4	5.90095E-4
9.30897	6.01146E-4	5.83372E-4	6.01146E-4
9.33555	6.1267E-4	5.92596E-4	6.1267E-4
9.36213	6.24645E-4	6.02246E-4	6.24645E-4
9.3887	6.37052E-4	6.12303E-4	6.37052E-4
9.41528	6.49873E-4	6.22751E-4	6.49873E-4
9.44186	6.63087E-4	6.33571E-4	6.63087E-4
9.46844	6.76676E-4	6.44746E-4	6.76676E-4
9.49502	6.90622E-4	6.5626E-4	6.90622E-4
9.52159	7.04906E-4	6.68095E-4	7.04906E-4
9.54817	7.19512E-4	6.80235E-4	7.19512E-4
9.57475	7.34422E-4	6.92665E-4	7.34422E-4
9.60133	7.49619E-4	7.05368E-4	7.49619E-4
9.62791	7.65086E-4	7.18331E-4	7.65086E-4
9.65448	7.80809E-4	7.31538E-4	7.80809E-4
9.68106	7.96771E-4	7.44975E-4	7.96771E-4
9.70764	8.12957E-4	7.58627E-4	8.12957E-4
9.73422	8.29352E-4	7.72482E-4	8.29352E-4
9.7608	8.45943E-4	7.86526E-4	8.45943E-4
9.78738	8.62714E-4	8.00747E-4	8.62714E-4
9.81395	8.79653E-4	8.1513E-4	8.79653E-4
9.84053	8.96746E-4	8.29666E-4	8.96746E-4
9.86711	9.13981E-4	8.44341E-4	9.13981E-4
9.89369	9.31344E-4	8.59145E-4	9.31344E-4
9.92027	9.48826E-4	8.74067E-4	9.48826E-4
