% signal t-range (microseconds):	0.070000000	1.4860000
% breakpoint	1	3.7951977
% svcs	1	0	0	1
% svcs	2	6	10	15
0.070000000	-0.0019036650	0.0048774834
0.078000000	0.0027468578	0.0048708367
0.086000000	0.0022672236	0.0048574075
0.094000000	0.0022809319	0.0048370362
0.10200000	0.0024569324	0.0048096433
0.11000000	0.0029943160	0.0047752414
0.11800000	0.0050930081	0.0047338889
0.12600000	0.0037443386	0.0046856665
0.13400000	0.0062440817	0.0046306855
0.14200000	0.0013964830	0.0045690910
0.15000000	0.0038922512	0.0045010440
0.15800000	0.0028482551	0.0044267079
0.16600000	0.0033668418	0.0043462534
0.17400000	0.0053368319	0.0042598656
0.18200000	0.0018523797	0.0041677446
0.19000000	0.0036971094	0.0040701038
0.19800000	0.0066264854	0.0039671728
0.20600000	0.0035966654	0.0038591968
0.21400000	0.0037889945	0.0037464296
0.22200000	0.0014969908	0.0036291292
0.23000000	0.0011442832	0.0035075583
0.23800000	0.0055461031	0.0033819865
0.24600000	0.0024617694	0.0032526899
0.25400000	0.0018637734	0.0031199505
0.26200000	0.0014783268	0.0029840568
0.27000000	0.0021699994	0.0028453028
0.27800000	0.0030511241	0.0027039835
0.28600000	0.00096605489	0.0025603918
0.29400000	0.0012502738	0.0024148194
0.30200000	0.0010351184	0.0022675572
0.31000000	-0.00059159777	0.0021188945
0.31800000	0.0018655919	0.0019691186
0.32600000	0.00030349237	0.0018185151
0.33400000	-0.00076387331	0.0016673668
0.34200000	0.00093083538	0.0015159497
0.35000000	-0.0011757170	0.0013645320
0.35800000	0.00033758447	0.0012133742
0.36600000	0.0029871342	0.0010627299
0.37400000	0.0022876999	0.00091284439
0.38200000	0.0022206082	0.00076395501
0.39000000	-0.00055414079	0.00061629171
0.39800000	0.0016357278	0.00047007556
0.40600000	0.0021174250	0.00032551599
0.41400000	-0.0013725007	0.00018281019
0.42200000	-0.00086180670	0.000042144461
0.43000000	-0.0020212517	-0.000096305625
0.43800000	0.0010355629	-0.00023237618
0.44600000	0.0015841156	-0.00036591441
0.45400000	-0.00016757308	-0.00049677733
0.46200000	0.0011881978	-0.00062483303
0.47000000	-0.000039589951	-0.00074996321
0.47800000	0.0010260835	-0.00087206304
0.48600000	0.00035616234	-0.00099103870
0.49400000	0.000084947063	-0.0011068069
0.50200000	-0.0013985199	-0.0012192962
0.51000000	-0.0031122328	-0.0013284464
0.51800000	0.00030545358	-0.0014342060
0.52600000	0.00096497591	-0.0015365329
0.53400000	-0.0021505963	-0.0016353970
0.54200000	0.00050593564	-0.0017307808
0.55000000	-0.0037670120	-0.0018226754
0.55800000	0.00041967214	-0.0019110785
0.56600000	-0.0011989879	-0.0019959964
0.57400000	-0.0021266364	-0.0020774450
0.58200000	-0.0015261284	-0.0021554466
0.59000000	-0.0026729019	-0.0022300282
0.59800000	-0.0031520362	-0.0023012234
0.60600000	-0.0020001620	-0.0023690756
0.61400000	-0.0014308012	-0.0024336351
0.62200000	-0.0023728046	-0.0024949537
0.63000000	-0.0029780077	-0.0025530854
0.63800000	-0.0020566945	-0.0026080882
0.64600000	-0.0055751340	-0.0026600257
0.65400000	-0.0030489786	-0.0027089634
0.66200000	-0.0045573333	-0.0027549679
0.67000000	-0.0046230892	-0.0027981076
0.67800000	-0.00078289001	-0.0028384544
0.68600000	-0.0035079770	-0.0028760813
0.69400000	-0.0027080908	-0.0029110606
0.70200000	-0.0019728000	-0.0029434617
0.71000000	-0.0031137797	-0.0029733528
0.71800000	-0.0027316909	-0.0030008022
0.72600000	-0.0013929453	-0.0030258798
0.73400000	-0.0022142804	-0.0030486551
0.74200000	-0.0014168232	-0.0030691948
0.75000000	-0.0052778032	-0.0030875614
0.75800000	-0.0029461498	-0.0031038143
0.76600000	-0.0042508479	-0.0031180116
0.77400000	-0.00035147036	-0.0031302091
0.78200000	-0.0015555223	-0.0031404596
0.79000000	-0.0037958334	-0.0031488131
0.79800000	-0.0034254905	-0.0031553176
0.80600000	-0.0021648141	-0.0031600191
0.81400000	-0.0025834953	-0.0031629610
0.82200000	-0.0015818860	-0.0031641827
0.83000000	-0.0024920234	-0.0031637193
0.83800000	-0.00085153577	-0.0031616016
0.84600000	-0.0040871885	-0.0031578579
0.85400000	-0.0035873790	-0.0031525160
0.86200000	-0.0030408676	-0.0031456044
0.87000000	-0.0043674284	-0.0031371500
0.87800000	-0.0021657274	-0.0031271754
0.88600000	-0.0015615713	-0.0031156987
0.89400000	-0.0043359461	-0.0031027351
0.90200000	-0.0036184474	-0.0030882979
0.91000000	-0.0053744552	-0.0030724007
0.91800000	-0.0015366451	-0.0030550585
0.92600000	-0.0047328872	-0.0030362878
0.93400000	-0.0027968138	-0.0030161037
0.94200000	-0.0012355118	-0.0029945192
0.95000000	-0.0020098589	-0.0029715451
0.95800000	-0.0030077063	-0.0029471915
0.96600000	-0.0030273076	-0.0029214688
0.97400000	-0.0028943807	-0.0028943881
0.98200000	-0.0039469106	-0.0028659629
0.99000000	-0.0042047258	-0.0028362100
0.99800000	-0.0025765269	-0.0028051485
1.0060000	-0.0034008938	-0.0027727973
1.0140000	-0.0037383406	-0.0027391752
1.0220000	-0.0066752787	-0.0027043016
1.0300000	-0.0051180114	-0.0026681961
1.0380000	-0.0039098225	-0.0026308787
1.0460000	-0.0033082756	-0.0025923725
1.0540000	-0.0032014147	-0.0025527060
1.0620000	-0.00093835042	-0.0025119133
1.0700000	-0.0040424356	-0.0024700304
1.0780000	-0.0016395331	-0.0024270940
1.0860000	-0.0027105780	-0.0023831406
1.0940000	0.00068582423	-0.0023382068
1.1020000	-0.0035928967	-0.0022923288
1.1100000	-0.0011586623	-0.0022455446
1.1180000	0.00022463275	-0.0021978971
1.1260000	-0.0027377366	-0.0021494362
1.1340000	-0.0041405830	-0.0021002165
1.1420000	-0.0035974666	-0.0020502936
1.1500000	-0.0042659587	-0.0019997221
1.1580000	-0.00071619941	-0.0019485551
1.1660000	-0.0024908306	-0.0018968445
1.1740000	-0.0016570787	-0.0018446418
1.1820000	-0.00098130693	-0.0017920003
1.1900000	-0.0011813504	-0.0017389779
1.1980000	0.000013796783	-0.0016856375
1.2060000	-0.0015114241	-0.0016320451
1.2140000	-0.0020286724	-0.0015782664
1.2220000	-0.00010637870	-0.0015243648
1.2300000	-0.0025097155	-0.0014704000
1.2380000	-0.00033282080	-0.0014164298
1.2460000	-0.0011367330	-0.0013625109
1.2540000	-0.0023629759	-0.0013087005
1.2620000	-0.0027863512	-0.0012550564
1.2700000	-0.00086444677	-0.0012016386
1.2780000	-0.00085321544	-0.0011485085
1.2860000	-0.0029534218	-0.0010957269
1.2940000	-0.0031831387	-0.0010433518
1.3020000	-0.0017118838	-0.00099143706
1.3100000	-0.0023148899	-0.00094003377
1.3180000	0.0011735510	-0.00088919064
1.3260000	0.00023915484	-0.00083895417
1.3340000	-0.0014460506	-0.00078936864
1.3420000	-0.00083302191	-0.00074047683
1.3500000	-0.0020030723	-0.00069232058
1.3580000	0.0013290646	-0.00064494090
1.3660000	0.0013766039	-0.00059837767
1.3740000	-0.0019357309	-0.00055266887
1.3820000	-0.0020210573	-0.00050784929
1.3900000	-0.0014734572	-0.00046394958
1.3980000	-0.0010122416	-0.00042099648
1.4060000	-0.00016759366	-0.00037901350
1.4140000	0.0017272660	-0.00033802078
1.4220000	-0.00057463887	-0.00029803505
1.4300000	-0.0018629073	-0.00025907088
1.4380000	-0.000013446790	-0.00022114258
1.4460000	-0.00013748164	-0.00018426461
1.4540000	-0.00091324273	-0.00014844995
1.4620000	-0.00044216362	-0.00011370869
1.4700000	0.0041214572	-0.000080047566
1.4780000	0.0033645998	-0.000047469735
1.4860000	0.0029171149	-0.000015974612
