%%% 3 Columns: Magnetic Field (mT)///Experimental spectrum///Simulated spectrum 
320.9	-0.0116831722449658	-2.25056472688799E-16
320.911718749951	-0.00748256229210744	-3.21509246698284E-16
320.923437499902	-0.00770997528971939	-3.69735633703027E-16
320.935156249853	-0.00496802042252912	-5.14414794717254E-16
320.946874999805	-0.00400323055152692	-2.73282859693541E-16
320.958593749756	-0.00762605276545691	-1.76830085684056E-16
320.970312499707	-0.0111401553456725	-4.17962020707769E-16
320.982031249658	-0.0154547285077238	-3.85811096037941E-16
320.993749999609	-0.0158099464845861	-4.66188407712511E-16
321.00546874956	-0.00938444566691654	-6.75169418066396E-16
321.017187499511	-0.00392204930938517	-4.82263870047426E-16
321.028906249462	0.00111616224775241	-2.89358322028455E-16
321.040624999413	0.00504556721268395	-4.66188407712511E-16
321.052343749365	0.00523194232918189	-3.53660171368113E-16
321.064062499316	0.00229418747933331	-3.37584709033198E-16
321.075781249267	0.00256187953498236	-4.34037483042683E-16
321.087499999218	0.00284650333686562	-6.10867568726739E-16
321.099218749169	0.0029564628091748	-8.51999503750452E-16
321.11093749912	0.00124046712180532	-5.62641181721997E-16
321.122656249071	-0.0021731589116783	-1.9290554801897E-16
321.134374999022	-0.00146078573124662	3.21509246698284E-16
321.146093748974	0.00208163971777931	3.53660171368113E-16
321.157812498925	0.0040605520737568	2.57207397358627E-16
321.169531248876	5.18824012843222E-4	-8.03773116745713E-17
321.181249998827	-0.00344018247828967	3.21509246698284E-17
321.192968748778	-0.0106224587656929	1.60754623349142E-17
321.204687498729	-0.0112973748457931	1.9290554801897E-16
321.21640624868	-0.00925897859186122	6.43018493396568E-17
321.228124998632	-0.00648583366581847	9.64527740094854E-17
321.239843748583	-0.00795698739119591	6.43018493396568E-17
321.251562498534	-0.00532085593796946	2.08981010353885E-16
321.263281248485	-0.0102476453980683	4.82263870047426E-17
321.274999998436	-0.0166140788603443	1.60754623349142E-16
321.286718748387	-0.0153349377533359	6.43018493396568E-17
321.298437498338	-0.00810361948659881	1.28603698679314E-16
321.310156248289	-0.0124556207192732	1.76830085684056E-16
321.32187499824	-0.0129632244122432	1.125282363444E-16
321.333593748192	-0.0115123151954115	9.64527740094854E-17
321.345312498143	-0.0144661106469556	-3.21509246698284E-17
321.357031248094	-0.0194898120756318	1.44679161014228E-16
321.368749998045	-0.0169053670056466	-1.60754623349142E-17
321.380468747996	-0.0142712406276321	-3.21509246698284E-17
321.392187497947	-0.00915260327588199	1.9290554801897E-16
321.403906247898	-0.00515391182307098	8.03773116745713E-17
321.415624997849	-0.00105496660966267	-8.03773116745713E-17
321.427343747801	0.00437869033649751	-3.21509246698284E-17
321.439062497752	0.00371268570178373	2.41131935023713E-17
321.450781247703	-0.00271434558911996	-1.20565967511856E-16
321.462499997654	-0.00684111003965241	-1.60754623349142E-17
321.474218747605	-0.0104082357199173	7.23395805071139E-17
321.485937497556	-0.0137859931857205	-8.03773116745713E-18
321.497656247507	-0.0122216858263465	-8.03773116745713E-17
321.509374997458	-0.00627628912887071	-1.76830085684056E-16
321.52109374741	-6.26975204358942E-4	-1.20565967511856E-16
321.532812497361	0.0023756394403843	-9.64527740094854E-17
321.544531247312	0.00174127043679226	-9.64527740094854E-17
321.556249997263	-0.00265083230012096	1.60754623349142E-16
321.567968747214	-0.00788150204789689	-9.64527740094854E-17
321.579687497165	-0.0117224318876598	2.4916966619117E-16
321.591406247116	-0.0182684309744722	4.82263870047426E-16
321.603124997067	-0.0224430944439566	2.65245128526084E-16
321.614843747019	-0.0205659953515191	4.34037483042683E-16
321.62656249697	-0.0150098060312954	2.61226262942356E-16
321.638281246921	-0.00883026110629126	2.17018741521342E-16
321.649999996872	-3.81862185903062E-4	5.8273550964064E-17
321.661718746823	0.00803646060630605	2.25056472688799E-16
321.673437496774	0.0115993823797208	8.8415042842028E-17
321.685156246725	0.0120675819565643	2.00943279186427E-16
321.696874996676	0.00463979534876506	8.43961772582996E-17
321.708593746628	0.00122728324595473	1.60754623349142E-16
321.720312496579	-7.69868543356537E-4	6.22924165477925E-17
321.73203124653	-0.00478858171857845	1.01476355989146E-16
321.743749996481	-0.0110532019173146	-1.22575400303721E-16
321.755468746432	-0.0145951527643628	-6.22924165477925E-17
321.767187496383	-0.0175638748869291	1.5974990695321E-16
321.778906246334	-0.0221832194811962	1.34631997054906E-16
321.790624996285	-0.0259911769730293	-8.23867444664355E-17
321.802343746237	-0.0295821407697027	-1.27598982283381E-16
321.814062496188	-0.0268776139731354	-1.89891398831174E-16
321.825781246139	-0.020549916268582	-4.72216706088105E-17
321.83749999609	-0.016068001689692	-7.3344296903046E-17
321.849218746041	-0.00884626322674528	-1.26594265887449E-16
321.860937495992	-0.00264889541096841	-8.43961772582996E-17
321.872656245943	-2.93028915145075E-4	4.21980886291497E-17
321.884374995894	-0.00288412853946156	-1.52716892181685E-16
321.896093745846	-0.00176472509100491	-2.81320590860999E-17
321.907812495797	6.06736434244687E-4	-2.93377187612184E-16
321.919531245748	0.00926633661029128	-1.24584833095585E-16
321.931249995699	0.0153861748512063	-7.23395805071139E-17
321.94296874565	0.0195087353948887	6.02829837559282E-17
321.954687495601	0.0171860930628383	-1.32622564263042E-16
321.966406245552	0.015510644451977	-4.01886558372855E-17
321.978124995503	0.0106462351095831	-1.84867816851513E-16
321.989843745455	0.00600149289596468	1.08509370760671E-16
322.001562495406	0.00387401121787698	-4.82263870047426E-17
322.013281245357	0.00678483797514	1.125282363444E-16
322.024999995308	0.00782782577940814	-1.68792354516599E-16
322.036718745259	0.00743406580124966	2.57207397358627E-16
322.04843749521	0.00737270273600486	1.125282363444E-16
322.060156245161	0.00671516397440816	1.60754623349142E-16
322.071874995112	0.00641430581440309	-2.41131935023713E-17
322.083593745064	0.00588598301090959	7.23395805071139E-17
322.095312495015	-0.00221105314541029	1.60754623349142E-17
322.107031244966	-0.00334758209652738	2.65245128526084E-16
322.118749994917	-3.19792618567516E-4	7.23395805071139E-17
322.130468744868	-2.41468777380032E-4	1.28603698679314E-16
322.142187494819	0.00137987183246701	3.13471515530827E-16
322.15390624477	0.00891774382049709	2.97396053195913E-16
322.165624994721	0.0117668588184591	4.34037483042683E-16
322.177343744673	0.0108789591936233	3.85811096037941E-16
322.189062494624	0.0110481797777523	7.23395805071139E-17
322.200781244575	0.00936114628788881	-6.43018493396568E-17
322.212499994526	0.00631467180432595	1.60754623349142E-17
322.224218744477	0.00355804208195657	-3.21509246698284E-17
322.235937494428	-0.00220063080496516	-1.44679161014228E-16
322.247656244379	-0.00972176480318731	-8.8415042842028E-17
322.25937499433	-0.0113829551014303	-4.01886558372855E-17
322.271093744282	-0.0135402901215625	2.89358322028455E-16
322.282812494233	-0.0176688368611722	-7.23395805071139E-17
322.294531244184	-0.0167962804499195	-1.9290554801897E-16
322.306249994135	-0.0153121760990233	-5.62641181721997E-17
322.317968744086	-0.0180329372537123	-2.81320590860999E-16
322.329687494037	-0.0177336095669415	-2.29075338272527E-16
322.341406243988	-0.0171114647710474	-2.41131935023713E-16
322.353124993939	-0.0185999958149283	-1.60754623349142E-16
322.364843743891	-0.0202190795337203	-1.36641429846771E-16
322.376562493842	-0.0197615736913405	-2.69263994109813E-16
322.388281243793	-0.0223032147937623	1.04490505176942E-16
322.399999993744	-0.0237180036270707	6.02829837559282E-17
322.411718743695	-0.0231689326833452	-4.42075214210141E-17
322.423437493646	-0.0197191862663382	-1.36641429846771E-16
322.435156243597	-0.0270349114484032	-2.59216830150491E-16
322.446874993548	-0.0338533779779056	-2.37113069439984E-16
322.4585937435	-0.0340951978122255	-1.16547101928128E-16
322.470312493451	-0.0358693406807415	-1.40660295430499E-16
322.482031243402	-0.0397853494478849	-2.17018741521342E-16
322.493749993353	-0.0376054839984435	-9.64527740094854E-17
322.505468743304	-0.031106463756336	3.41603574616927E-17
322.517187493255	-0.0273240976402804	-2.15009308729477E-16
322.528906243206	-0.0283126965979828	-4.01886558372855E-17
322.540624993157	-0.0274401401867301	-1.22575400303721E-16
322.552343743109	-0.0253598601394821	2.81320590860999E-17
322.56406249306	-0.0252552475344046	1.74820652892192E-16
322.575781243011	-0.0290520657195046	2.64240412130152E-16
322.587499992962	-0.0236908142671091	2.15009308729477E-16
322.599218742913	-0.0185216044627911	1.36641429846771E-16
322.610937492864	-0.0160628107727545	-2.00943279186427E-18
322.622656242815	-0.00834670987699586	-7.63584460908422E-17
322.634374992766	-0.00154759671150042	-1.51712175785753E-16
322.646093742718	-0.00116138243221197	-2.15009308729477E-16
322.657812492669	-8.16383587835716E-4	-1.76830085684056E-16
322.66953124262	0.00120329863078472	2.9136775482032E-17
322.681249992571	-0.00198887798484627	-6.02829837559282E-17
322.692968742522	-0.00164387914046998	8.33914608623672E-17
322.704687492473	-0.00154973748372163	-3.21509246698284E-17
322.716406242424	-0.00903232948064742	4.21980886291497E-17
322.728124992375	-0.015465375997187	7.4349013298978E-17
322.739843742326	-0.0204810571250154	-4.01886558372855E-17
322.751562492278	-0.0297499483496504	-3.81792230454212E-17
322.763281242229	-0.035192933283758	-2.25056472688799E-16
322.77499999218	-0.0268677350958371	-3.75763932078619E-16
322.786718742131	-0.0219170784896211	-1.36641429846771E-16
322.798437492082	-0.0189133499142046	-2.33094203856256E-16
322.810156242033	-0.00881499688051957	-1.48698026597956E-16
322.821874991984	7.78603785167258E-5	-5.62641181721997E-17
322.833593741936	-6.83273935697172E-4	-1.44679161014228E-16
322.845312491887	0.00132370947324764	1.60754623349142E-17
322.857031241838	0.00676293607277445	-1.44679161014228E-16
322.868749991789	0.00887128717298974	-6.02829837559282E-17
322.88046874174	0.00824983976520803	-1.76830085684056E-16
322.892187491691	0.00315885692386434	-2.25056472688799E-16
322.903906241642	-0.00502172403295338	-1.76830085684056E-16
322.915624991593	-0.016231528062752	-1.84867816851513E-16
322.927343741544	-0.0257147395489305	-2.08981010353885E-16
322.939062491496	-0.0316618895057752	-2.4916966619117E-16
322.950781241447	-0.0307260618322788	-6.43018493396568E-17
322.962499991398	-0.0249880790261721	3.21509246698284E-17
322.974218741349	-0.0180232129764892	1.125282363444E-16
322.9859374913	-0.0187482559368881	1.52716892181685E-16
322.997656241251	-0.0187554819714103	1.20565967511856E-16
323.009374991202	-0.018684955644936	6.43018493396568E-17
323.021093741153	-0.0209445495008774	1.28603698679314E-16
323.032812491105	-0.0192189449800091	8.8415042842028E-17
323.044531241056	-0.00866388037026968	-5.62641181721997E-17
323.056249991007	-0.00384756380325414	8.03773116745713E-17
323.067968740958	-0.00584248773121873	-7.23395805071139E-17
323.079687490909	-0.00953437364689354	-4.01886558372855E-17
323.09140624086	-0.0128406167634707	4.01886558372855E-18
323.103124990811	-0.0166171614103165	1.04490505176942E-16
323.114843740762	-0.0172457379744073	-3.61697902535569E-17
323.126562490714	-0.0155918705888998	1.72811220100328E-16
323.138281240665	-0.0147037191482208	2.81320590860999E-17
323.149999990616	-0.0153289539202917	5.62641181721997E-17
323.161718740567	-0.0181791538192187	2.29075338272527E-16
323.173437490518	-0.018168556962968	1.28603698679314E-16
323.185156240469	-0.0146118732013237	1.68792354516599E-16
323.19687499042	-0.00981560738642762	5.22452525884711E-17
323.208593740371	-0.006174487679747	6.02829837559282E-17
323.220312490323	0.0016928850014463	1.6477348893287E-16
323.232031240274	0.00316874626535996	1.16547101928128E-16
323.243749990225	0.00383656221885952	-1.26594265887449E-16
323.255468740176	0.00734334188633973	9.24339084257563E-17
323.267187490127	0.00513721670271674	5.22452525884711E-17
323.278906240078	-0.00410961869458682	1.84867816851513E-16
323.290624990029	-0.0103285677357174	1.0348578878101E-16
323.30234373998	-0.0173116732187341	-4.01886558372855E-18
323.314062489932	-0.0212635505535578	-6.02829837559282E-17
323.325781239883	-0.0212193129909733	2.04962144770156E-16
323.337499989834	-0.0198508346439661	1.84867816851513E-16
323.349218739785	-0.0239036340977912	-5.0738177994573E-17
323.360937489736	-0.0227559368102326	-1.20565967511856E-16
323.372656239687	-0.0256622788150939	4.01886558372855E-18
323.384374989638	-0.0299697228208362	-2.12999875937613E-16
323.396093739589	-0.0320836145447096	-1.19561251115924E-16
323.407812489541	-0.0267025351263292	-1.82858384059649E-16
323.419531239492	-0.0205270003517489	-1.56735757765414E-16
323.431249989443	-0.0121937818629802	-1.36641429846771E-16
323.442968739394	-0.00590418058745367	-1.28603698679314E-16
323.454687489345	-0.00185246603459342	6.63112821315211E-17
323.466406239296	0.00208072629462735	-1.48698026597956E-16
323.478124989247	9.19245296428192E-4	-1.10518803552535E-16
323.489843739198	-0.00416527674701049	-2.03455070176257E-17
323.50156248915	-0.0037093304075732	9.04244756338921E-17
323.513281239101	-0.00508201266143064	-2.61226262942356E-17
323.524999989052	-0.00813873530718793	-1.88384324237276E-16
323.536718739003	-0.0115822146827161	-1.7883951847592E-16
323.548437488954	-0.0180337524484324	-2.31084771064392E-16
323.560156238905	-0.0253623992263078	-2.68259277713881E-16
323.571874988856	-0.0279563950703749	-9.64527740094854E-17
323.583593738807	-0.0243079234212505	2.61226262942356E-17
323.595312488759	-0.0205567473640474	1.98933846394563E-16
323.60703123871	-0.0171317302079875	-6.43018493396568E-17
323.618749988661	-0.0172623797611118	9.84622068013496E-17
323.630468738612	-0.017415976286106	2.1852581611524E-17
323.642187488563	-0.0254272397805816	1.14537669136264E-16
323.653906238514	-0.0299835358987398	3.21509246698284E-17
323.665624988465	-0.0290470398668395	1.6477348893287E-16
323.677343738416	-0.0283740998322427	-1.74820652892192E-16
323.689062488368	-0.0288903921844646	1.1755181832406E-16
323.700781238319	-0.0242750287109129	-1.60754623349142E-16
323.71249998827	-0.0240111240195531	-3.61697902535569E-17
323.724218738221	-0.0247277011068349	-1.86877249643378E-16
323.735937488172	-0.0238582637014674	1.22575400303721E-16
323.747656238123	-0.0222674447920688	5.52594017762675E-17
323.759374988074	-0.0235964609635327	1.38650862638635E-16
323.771093738025	-0.0248996339433761	8.8415042842028E-17
323.782812487977	-0.0200376462187551	1.48698026597956E-16
323.794531237928	-0.0155379087490922	1.32622564263042E-16
323.806249987879	-0.018393455515251	2.81320590860999E-16
323.81796873783	-0.027898054470357	2.2103760710507E-16
323.829687487781	-0.0328243983581864	-1.10518803552535E-17
323.841406237732	-0.03999999106155	2.97396053195913E-16
323.853124987683	-0.0449486135628455	-1.07002296166773E-16
323.864843737634	-0.0424437031429342	2.75292292485406E-16
323.876562487586	-0.031191317931707	-6.5808923933555E-17
323.888281237537	-0.0276491152688157	-1.60754623349142E-17
323.899999987488	-0.0275182138998483	-1.55731041369481E-16
323.911718737439	-0.0298087750285075	-5.22452525884711E-17
323.92343748739	-0.0300247516712069	-1.06499937968806E-16
323.935156237341	-0.0305454997461218	2.71273426901677E-16
323.946874987292	-0.030307883818652	-2.73785217891507E-16
323.958593737243	-0.0325293812455665	4.21980886291497E-17
323.970312487195	-0.0310172058417031	-4.05403065758617E-16
323.982031237146	-0.0343680061852125	1.60754623349142E-16
323.993749987097	-0.0382029207993394	-4.17962020707769E-16
324.005468737048	-0.0329893765542238	1.20565967511856E-16
324.017187486999	-0.0226332599627363	-3.39594141825063E-16
324.02890623695	-0.0153422350119102	8.43961772582996E-17
324.040624986901	-0.010424550753624	-1.70801787308463E-16
324.052343736852	-0.00972576752740666	-2.19028174313206E-16
324.064062486804	-0.0146752811732409	-4.48103512585733E-16
324.075781236755	-0.0190377533542443	1.9039375702914E-16
324.087499986706	-0.0240111051164872	-2.57207397358627E-16
324.099218736657	-0.0268820241259375	-4.42075214210141E-17
324.110937486608	-0.0310771839198108	-2.0697157756202E-16
324.122656236559	-0.0363283499919755	-8.43961772582996E-17
324.13437498651	-0.0443358261221619	7.03301477152496E-18
324.146093736461	-0.0509119013371534	3.61697902535569E-17
324.157812486412	-0.0543660744471453	3.21509246698284E-17
324.169531236364	-0.0510907695735776	-7.68608042888088E-17
324.181249986315	-0.0447866871992981	-1.66782921724735E-16
324.192968736266	-0.0387189809138936	-1.80848951267785E-17
324.204687486217	-0.0308050459305562	-2.17018741521342E-16
324.216406236168	-0.0285984461449555	2.41131935023713E-17
324.228124986119	-0.0292134327548319	1.39655579034567E-16
324.23984373607	-0.0219072583468489	-9.94669231972813E-17
324.251562486022	-0.0153324908189568	4.45089363397937E-16
324.263281235973	-0.0162841072783057	3.22513963094216E-16
324.274999985924	-0.0138674201677199	9.19315502277905E-16
324.286718735875	-0.0162508831145327	2.08378180516326E-15
324.298437485826	-0.0263177942735221	3.56272433997536E-15
324.310156235777	-0.0310287039691347	8.31101402715065E-15
324.321874985728	-0.0324940652550109	1.8225555422209E-14
324.333593735679	-0.0331050417144637	4.02710425817519E-14
324.345312485631	-0.0296434876323196	8.71370435864026E-14
324.357031235582	-0.0231019152384918	1.87442904974287E-13
324.368749985533	-0.0206809951913476	3.97891805982629E-13
324.380468735484	-0.0190126467070871	8.35626645362343E-13
324.392187485435	-0.0172727838736005	1.73481164993135E-12
324.403906235386	-0.019135150051442	3.56256057120282E-12
324.415624985337	-0.0220706770399439	7.23632013895823E-12
324.427343735288	-0.0218257091700303	1.45380885086639E-11
324.439062485239	-0.0219347484680924	2.88895328618882E-11
324.450781235191	-0.02102921970891	5.6780492163889E-11
324.462499985142	-0.0173121299303101	1.1038303421652E-10
324.474218735093	-0.0175530586200913	2.12251069850172E-10
324.485937485044	-0.0205431682115851	4.03690574888138E-10
324.497656234995	-0.0223620910931678	7.59454554696561E-10
324.509374984946	-0.0255887995596711	1.41323942459522E-9
324.521093734897	-0.0309999260765222	2.60133209369102E-9
324.532812484849	-0.0290974293647333	4.73639410627371E-9
324.5445312348	-0.0231662909798758	8.5305679142944E-9
324.556249984751	-0.0194260314432712	1.51982134757265E-8
324.567968734702	-0.0180379479164138	2.67854097403794E-8
324.579687484653	-0.00784446520322861	4.66984260469059E-8
324.591406234604	-0.00583480836066791	8.0540016926671E-8
324.603124984555	-0.00987735965229855	1.37415080723009E-7
324.614843734506	-0.00968474652403016	2.31941439165734E-7
324.626562484457	-0.00656606030312881	3.87304024769541E-7
324.638281234409	-0.00906024795886792	6.39829482264799E-7
324.64999998436	-0.013679592553135	1.04574154207703E-6
324.661718734311	-0.0132185221326006	1.69099419473705E-6
324.673437484262	-0.0132139405019859	2.70537690911016E-6
324.685156234213	-0.0127702473999549	4.28244837986993E-6
324.696874984164	-0.0103294993868259	6.70728158520492E-6
324.708593734115	-0.00602870993541507	1.03944838844427E-5
324.720312484066	-0.01176554978114	1.59394703370615E-5
324.732031234018	-0.0167754384694673	2.41864793069926E-5
324.743749983969	-0.0265484947168393	3.6317270682697E-5
324.75546873392	-0.0351588301274174	5.3964760799351E-5
324.767187483871	-0.0374972902750288	7.93559241287091E-5
324.778906233822	-0.0312424436365093	1.15488009559624E-4
324.790624983773	-0.0310638660347245	1.66341344104334E-4
324.802343733724	-0.0298916622723532	2.37130591688115E-4
324.814062483675	-0.0323043102028066	3.34594175001664E-4
324.825781233627	-0.0387589669744082	4.67318564778074E-4
324.837499983578	-0.0482747052362473	6.46090263866939E-4
324.849218733529	-0.0494192544882121	8.84263620825428E-4
324.86093748348	-0.0425363737360843	0.00119812726979029
324.872656233431	-0.0303315777991827	0.00160724631196634
324.884374983382	-0.0196221223981234	0.00213475177063368
324.896093733333	-0.0109974996452186	0.00280754393866597
324.907812483284	-0.00156839616005416	0.00365637266984054
324.919531233236	0.00371443457294081	0.00471575616855801
324.931249983187	0.00472578674608706	0.00602370111058457
324.942968733138	0.0089595175709651	0.00762119157151008
324.954687483089	0.0140997651777773	0.00955142262977581
324.96640623304	0.0226909700104829	0.0118587667198121
324.978124982991	0.0310148314815958	0.014587476524528
324.989843732942	0.0355519970218816	0.0177801466695449
325.001562482893	0.0372711407448448	0.02147597653681
325.013281232845	0.043669907226355	0.0257088965986137
325.024999982796	0.0388121814680011	0.0305056389675064
325.036718732747	0.0327997551737009	0.0358838474484643
325.048437482698	0.0353097896747094	0.0418503314582467
325.060156232649	0.0408840246718405	0.0483995702602709
325.0718749826	0.0434194567922003	0.0555125681018804
325.083593732551	0.0544363570590912	0.0631561467850481
325.095312482502	0.0731821539096296	0.0712827405003791
325.107031232454	0.089443662572567	0.0798307297657641
325.118749982405	0.102859746723618	0.0887253191157327
325.130468732356	0.120682317832123	0.0978799294086727
325.142187482307	0.136649526011174	0.107198043166619
325.153906232258	0.148196880064692	0.116575413130371
325.165624982209	0.159850948676712	0.125902522765971
325.17734373216	0.176298260975956	0.135067174747717
325.189062482111	0.184573555069713	0.143957080584421
325.200781232063	0.194487441183899	0.152462331705164
325.212499982014	0.205643359998818	0.160477648653122
325.224218731965	0.220906118420072	0.167904328836399
325.235937481916	0.233185547712085	0.174651842135178
325.247656231867	0.255323709035101	0.180639054703911
325.259374981818	0.276035370737885	0.185795091531705
325.271093731769	0.29752767505652	0.19005987489243
325.28281248172	0.30926395175223	0.193384396328392
325.294531231672	0.318550026538943	0.195730792532851
325.306249981623	0.326448812065123	0.197072299506143
325.317968731574	0.330170357566416	0.197393154616713
325.329687481525	0.327501060008834	0.19668850352156
325.341406231476	0.331384571030025	0.194964349874023
325.353124981427	0.336335450422376	0.1922375625555
325.364843731378	0.337306701091283	0.1885359303873
325.376562481329	0.337315738444591	0.183898230633311
325.388281231281	0.341794311231461	0.178374257712674
325.399999981232	0.342670209434734	0.17202474467327
325.411718731183	0.339753842053813	0.164921103833448
325.423437481134	0.334489308813568	0.157144915543881
325.435156231085	0.331480485186763	0.148787105369817
325.446874981036	0.327025111187606	0.139946769381942
325.458593730987	0.316558298916901	0.130729633078588
325.470312480938	0.307231928869524	0.121246159456155
325.48203123089	0.298865544276399	0.111609353128254
325.493749980841	0.287617198245304	0.101932337183356
325.505468730792	0.27185119497556	0.0923258047684664
325.517187480743	0.259189493706178	0.0828954656824361
325.528906230694	0.244496651247095	0.0737396176987084
325.540624980645	0.2258687372915	0.0649469719032039
325.552343730596	0.206457730072574	0.056594850969262
325.564062480547	0.188490822578518	0.0487478598835004
325.575781230499	0.171378299910885	0.0414571019005555
325.58749998045	0.158507402461056	0.0347599807802566
325.599218730401	0.149982616926188	0.0286805963350794
325.610937480352	0.142041308277996	0.0232307067194365
325.622656230303	0.132263350735661	0.0184112002056535
325.634374980254	0.124121088994005	0.0142139933995005
325.646093730205	0.111742326115642	0.0106242532766339
325.657812480156	0.100858235414718	0.00762282767063715
325.669531230108	0.0929949019136566	0.00518876282482506
325.681249980059	0.0880926189283704	0.00330178668222115
325.69296873001	0.082987600560543	0.00194464170943766
325.704687479961	0.0812974480647942	0.00110516006254725
325.716406229912	0.0788602936595282	7.77985710463822E-4
325.728124979863	0.0765839908434872	9.65861887002297E-4
325.739843729814	0.0774251344097527	0.00168041745618604
325.751562479765	0.079424543090119	0.00294240233382462
325.763281229717	0.0823763624961595	0.00478134020910288
325.774999979668	0.0794526431727948	0.00723458681585517
325.786718729619	0.0792433501141354	0.0103458042470138
325.79843747957	0.0763608462256828	0.0141628863770757
325.810156229521	0.0788158525514301	0.018735397012046
325.821874979472	0.0871290202880794	0.024111610015382
325.833593729423	0.1009260687294	0.0303352678477444
325.845312479374	0.111465761095848	0.0374421996560636
325.857031229326	0.124425802029249	0.0454569598410817
325.868749979277	0.137168626481356	0.0543896604204221
325.880468729228	0.145989078246628	0.0642331732274797
325.892187479179	0.162470922396745	0.0749608693777456
325.90390622913	0.186382238565525	0.0865250427310593
325.915624979081	0.212114608599022	0.0988561316503081
325.927343729032	0.229931832840294	0.111862810805906
325.939062478983	0.242305055094999	0.125432974881837
325.950781228935	0.257666507773908	0.139435582553068
325.962499978886	0.268754254031621	0.153723276395823
325.974218728837	0.278632271578126	0.168135647003154
325.985937478788	0.295356729828889	0.182502971728179
325.997656228739	0.320758708024683	0.196650233589505
326.00937497869	0.33669895908144	0.21040121617922
326.021093728641	0.352322853826979	0.223582476690039
326.032812478592	0.365358642046165	0.236027020647534
326.044531228543	0.378674695222753	0.247577536342799
326.056249978495	0.391549631852714	0.258089090823241
326.067968728446	0.406270351608338	0.267431238267889
326.079687478397	0.422708084103792	0.275489540900943
326.091406228348	0.441104997867452	0.282166547623584
326.103124978299	0.458962323612963	0.287382312160843
326.11484372825	0.470149432486735	0.291074557560901
326.126562478201	0.473607867562994	0.293198605405894
326.138281228153	0.469910189207818	0.293727185529633
326.149999978104	0.464167111350322	0.292650226215479
326.161718728055	0.453994822349639	0.289974697874882
326.173437478006	0.445442411334073	0.285724548250061
326.185156227957	0.441039392076561	0.279940728156465
326.196874977908	0.436530103832817	0.272681267973505
326.208593727859	0.430477798820412	0.264021330776029
326.22031247781	0.423679605829164	0.254053142027714
326.232031227761	0.414800144767916	0.242885681202727
326.243749977713	0.395524591518863	0.230644019553511
326.255468727664	0.374591732214069	0.217468201195926
326.267187477615	0.354127392150467	0.203511591041637
326.278906227566	0.329384444370707	0.188938650813715
326.290624977517	0.301264058789491	0.173922150180657
326.302343727468	0.283844982400565	0.158639869778137
326.314062477419	0.272904526807572	0.143270901890639
326.32578122737	0.257779479247247	0.127991698126607
326.337499977322	0.245766085629727	0.112972047269079
326.349218727273	0.232759288637756	0.0983711872318646
326.360937477224	0.219693453320099	0.0843342605523525
326.372656227175	0.203640055936643	0.0709893124187612
326.384374977126	0.191148786060277	0.0584450046871304
326.396093727077	0.17547345674734	0.0467891809071529
326.407812477028	0.162118667813028	0.0360883693701008
326.41953122698	0.145793471345287	0.0263882576449686
326.431249976931	0.123781213218062	0.0177151172421281
326.442968726882	0.10129152440426	0.0100781049582234
326.454687476833	0.0835710183751385	0.00347232148075394
326.466406226784	0.075877447908689	-0.00211752961155508
326.478124976735	0.0675934941853887	-0.00671306689026157
326.489843726686	0.0684480049197339	-0.0103379420292131
326.501562476637	0.071423662442183	-0.0130135464319015
326.513281226588	0.0773548008270406	-0.0147549228552375
326.52499997654	0.0850827093879361	-0.0155670839905581
326.536718726491	0.0988173777115524	-0.0154419269824249
326.548437476442	0.108146004649985	-0.0143559151447641
326.560156226393	0.119937532307091	-0.0122686759626162
326.571874976344	0.13483915440406	-0.00912263752924398
326.583593726295	0.148880822021238	-0.00484379308158215
326.595312476246	0.164711685085877	6.56355696239768E-4
326.607031226197	0.183751114061898	0.00747767218022991
326.618749976149	0.201673716144865	0.015727124326074
326.6304687261	0.221141562857839	0.0255134995059784
326.642187476051	0.242901433324201	0.0369412683866629
326.653906226002	0.270638878569643	0.0501038367844008
326.665624975953	0.304902620843835	0.0650764857012864
326.677343725904	0.337298078592762	0.0819093514894989
326.689062475855	0.365094784950024	0.100620834452254
326.700781225806	0.391135936566161	0.121191839752797
326.712499975758	0.410927491532796	0.143561245037221
326.724218725709	0.431546919775831	0.167622952331701
326.73593747566	0.461325977159303	0.193224817588283
326.747656225611	0.494805512239489	0.2201696623985
326.759374975562	0.525729021996713	0.24821846409647
326.771093725513	0.560942947135233	0.277095700092204
326.782812475464	0.592699454249954	0.306496698587311
326.794531225415	0.620132350849315	0.336096730093972
326.806249975367	0.641967745815328	0.36556147114587
326.817968725318	0.658151056544999	0.394558390523108
326.829687475269	0.66966321038924	0.422768554248551
326.84140622522	0.677030873770389	0.449898320913207
326.853124975171	0.679284481430403	0.475690403173886
326.864843725122	0.680217412884148	0.499933801727379
326.876562475073	0.686834064205357	0.522472170097212
326.888281225024	0.692644006932959	0.543210236620242
326.899999974976	0.697178721825763	0.562117988506044
326.911718724927	0.702292680668686	0.579232406962841
326.923437474878	0.712109209242024	0.594656628705172
326.935156224829	0.71760903367018	0.608556495850883
326.94687497478	0.717071799421301	0.621154542907487
326.958593724731	0.715167326664008	0.632721556829619
326.970312474682	0.715431231355367	0.643565934789994
326.982031224633	0.712892040900427	0.654021154468336
326.993749974585	0.708752132067949	0.664431761983979
327.005468724536	0.709753681651171	0.675138369718842
327.017187474487	0.70929575926623	0.686462234661874
327.028906224438	0.708282208261446	0.698690050148938
327.040624974389	0.709362624136337	0.712059621481789
327.05234372434	0.713968630592233	0.726747100473936
327.064062474291	0.720467873620475	0.742856418545943
327.075781224242	0.735485344507467	0.760411478499134
327.087499974194	0.746027264735262	0.779351541486366
327.099218724145	0.757592218893418	0.799530082676897
327.110937474096	0.775511479184365	0.820717196253361
327.122656224047	0.795464776884764	0.842605421571281
327.134374973998	0.815042457162126	0.86481865454851
327.146093723949	0.841614508137158	0.886923620019257
327.1578124739	0.868225546685757	0.908443229638029
327.169531223851	0.892754648805951	0.928871051018878
327.181249973803	0.91428059383092	0.947686077700536
327.192968723754	0.93587783041898	0.964367020936569
327.204687473705	0.955335651755894	0.978405441361639
327.216406223656	0.97214632824077	0.989317192889521
327.228124973607	0.981818268612715	0.996651848575774
327.239843723558	0.993869564902835	1
327.251562473509	0.999671932901858	0.99899854670297
327.26328122346	1	0.993334298410899
327.274999973412	0.992831090880676	0.982746379636681
327.286718723363	0.983310896896143	0.967028036453566
327.298437473314	0.964714841357806	0.946028486283572
327.310156223265	0.943585707468376	0.919655416868438
327.321874973216	0.917045989512578	0.887878630265831
327.333593723167	0.887277432107144	0.850735148636435
327.345312473118	0.847632319779932	0.80833586420135
327.357031223069	0.799202304590782	0.760873545283151
327.368749973021	0.745792350933563	0.708631727593857
327.380468722972	0.691611557250417	0.65199375162573
327.392187472923	0.633815835746267	0.591450980767936
327.403906222874	0.576996140298066	0.527609076857203
327.415624972825	0.520603303083874	0.46119114267037
327.427343722776	0.460760177002193	0.393036580529491
327.439062472727	0.39376918057606	0.324094670482487
327.450781222678	0.327051319951021	0.255412138238522
327.46249997263	0.26210973317763	0.188114349195366
327.474218722581	0.203115422269007	0.123380206926332
327.485937472532	0.148245328285221	0.062411319536115
327.497656222483	0.103163120341616	0.00639648559266714
327.509374972434	0.067818225985625	-0.0435270003989957
327.521093722385	0.0392761062514969	-0.0863133576017887
327.532812472336	0.0178003171365354	-0.121047533593495
327.544531222287	6.72867797880528E-4	-0.146981419713146
327.556249972239	-0.0151158596575986	-0.163564934545997
327.56796872219	-0.0255586110257606	-0.170470083887846
327.579687472141	-0.0293520874188408	-0.167606501470097
327.591406222092	-0.027003795651596	-0.155127497303133
327.603124972043	-0.017964345115953	-0.133426248562154
327.614843721994	0.0059683585217549	-0.103122411382305
327.626562471945	0.0344372106472883	-0.0650400563644996
327.638281221896	0.0693572808741902	-0.020178382601985
327.649999971848	0.105314197771803	0.0303229026147484
327.661718721799	0.148627958408179	0.085221374984847
327.67343747175	0.196047890292487	0.143210593677788
327.685156221701	0.250263913214617	0.202957534973879
327.696874971652	0.302921324338662	0.263136840600866
327.708593721603	0.359167151733685	0.322460365042069
327.720312471554	0.417706785171176	0.379701013835275
327.732031221505	0.470164802704699	0.433710428657258
327.743749971457	0.517127800226817	0.483430641730582
327.755468721408	0.558203228568258	0.527900339751561
327.767187471359	0.592079991326544	0.566256799986953
327.77890622131	0.615608338129842	0.597734852399435
327.790624971261	0.632712423954067	0.621664358849311
327.802343721212	0.642451645738679	0.637467675816877
327.814062471163	0.649994864593941	0.644658388292874
327.825781221114	0.64819844311196	0.642842291368816
327.837499971066	0.636101950266211	0.631721186428545
327.849218721017	0.612524619542996	0.611099593074891
327.860937470968	0.578978500438254	0.580894002941869
327.872656220919	0.535163945600868	0.541143864472825
327.88437497087	0.482462897424139	0.492023131659534
327.896093720821	0.417969333567551	0.433850969802603
327.907812470772	0.342668859890845	0.367100111715898
327.919531220723	0.259581342449345	0.292401409444498
327.931249970674	0.170065553878346	0.210543326342522
327.942968720626	0.0768860473228526	0.122465445229762
327.954687470577	-0.0122902151789235	0.0292455009060855
327.966406220528	-0.103244311035291	-0.0679200595812201
327.978124970479	-0.197814225857202	-0.167741473112827
327.98984372043	-0.293728877787924	-0.268866014767646
328.001562470381	-0.389247638757354	-0.369911903716282
328.013281220332	-0.486685479490751	-0.469504058174717
328.024999970284	-0.580427521036263	-0.566309839742857
328.036718720235	-0.672524732549575	-0.659072922888944
328.048437470186	-0.759538855614469	-0.746643572149486
328.060156220137	-0.842131342264753	-0.828003892028522
328.071874970088	-0.922004946927639	-0.90228700394543
328.083593720039	-0.994430588322684	-0.968789562443102
328.09531246999	-1.0536922425929	-1.02697750511201
328.107031219941	-1.1113282264385	-1.07648539225405
328.118749969892	-1.1646519618616	-1.11711009195721
328.130468719844	-1.20674437987806	-1.14879987077557
328.142187469795	-1.2392266951898	-1.17164013766212
328.153906219746	-1.26289380872528	-1.18583715034293
328.165624969697	-1.2742020842266	-1.19170093350109
328.177343719648	-1.27781488106447	-1.18962849366976
328.189062469599	-1.28182000428548	-1.18008817293271
328.20078121955	-1.28246863160169	-1.16360569482037
328.212499969501	-1.27846682114299	-1.14075215572375
328.224218719453	-1.26409944019694	-1.11213393646154
328.235937469404	-1.24194679777517	-1.07838427878853
328.247656219355	-1.21098496880279	-1.04015611022563
328.259374969306	-1.17758407722814	-0.998115617874231
328.271093719257	-1.14495959533278	-0.952936068455193
328.282812469208	-1.10982431369979	-0.905291439454955
328.294531219159	-1.07284547680249	-0.855849549636448
328.30624996911	-1.03576750007527	-0.80526453621153
328.317968719062	-0.991915265351415	-0.754168698527557
328.329687469013	-0.939708105005519	-0.70316389260199
328.341406218964	-0.890538188033452	-0.652812798513412
328.353124968915	-0.845326512315902	-0.603630479412825
328.364843718866	-0.798558007089343	-0.556076698341011
328.376562468817	-0.754192027538964	-0.510549454756851
328.388281218768	-0.714504334030324	-0.467380150035999
328.399999968719	-0.678122118401644	-0.426830698317222
328.411718718671	-0.637700121793163	-0.389092777539311
328.423437468622	-0.595723746323154	-0.354289278802809
328.435156218573	-0.559073964546747	-0.32247787408155
328.446874968524	-0.529247008144322	-0.293656495410799
328.458593718475	-0.503683955573168	-0.267770413267452
328.470312468426	-0.478805079221557	-0.24472052508025
328.482031218377	-0.460892948086919	-0.224372420316335
328.493749968328	-0.442465289836676	-0.20656577659604
328.50546871828	-0.423185474621356	-0.191123658983093
328.517187468231	-0.400813833429215	-0.177861336856168
328.528906218182	-0.386394988886056	-0.166594293010844
328.540624968133	-0.373692711510457	-0.15714517074829
328.552343718084	-0.356686206013215	-0.149349479861185
328.564062468035	-0.340355188076263	-0.143059955797627
328.575781217986	-0.336166682836721	-0.138149533484835
328.587499967937	-0.335716083364516	-0.13451295559139
328.599218717889	-0.332909520518274	-0.132067083273071
328.61093746784	-0.340610442927167	-0.130750015911377
328.622656217791	-0.357444705712609	-0.130519156196391
328.634374967742	-0.365806411796906	-0.131348379783537
328.646093717693	-0.368428033121671	-0.133224486327102
328.657812467644	-0.372778029279133	-0.136143122228848
328.669531217595	-0.371693603253818	-0.140104375545121
328.681249967546	-0.371064774873884	-0.145108250015383
328.692968717498	-0.381386107798656	-0.151150227258418
328.704687467449	-0.39614444938133	-0.158217122499757
328.7164062174	-0.414894895710987	-0.166283428262096
328.728124967351	-0.437005179737462	-0.175308321010161
328.739843717302	-0.454398412934767	-0.185233477120765
328.751562467253	-0.461673813826458	-0.195981806952468
328.763281217204	-0.467868479178911	-0.207457170461877
328.774999967155	-0.473784884649173	-0.219545087047085
328.786718717107	-0.481652896659062	-0.232114399273884
328.798437467058	-0.491413922455162	-0.245019798625113
328.810156217009	-0.507375977523407	-0.258105075353272
328.82187496696	-0.524316732081216	-0.2712069175781
328.833593716911	-0.541392272250495	-0.284159059902164
328.845312466862	-0.554848428876077	-0.296796570886755
328.857031216813	-0.566424493311257	-0.308960072296069
328.868749966764	-0.57520526011485	-0.320499700260731
328.880468716716	-0.584305279449413	-0.33127864733778
328.892187466667	-0.59272914286528	-0.34117616174037
328.903906216618	-0.599259992494936	-0.350089922017829
328.915624966569	-0.60452162951543	-0.35793774821728
328.92734371652	-0.607625137249466	-0.36465865031695
328.939062466471	-0.607007893748535	-0.370213248376806
328.950781216422	-0.606368371634137	-0.374583624209348
328.962499966373	-0.603581413967746	-0.377772680319343
328.974218716325	-0.59759925755805	-0.3798030883924
328.985937466276	-0.592898566994924	-0.380715907731347
328.997656216227	-0.59080269191825	-0.380568945545044
329.009374966178	-0.579925032985521	-0.379434918200184
329.021093716129	-0.568940659494291	-0.377399457967587
329.03281246608	-0.564182490108422	-0.374558995840627
329.044531216031	-0.558588872717575	-0.371018539716025
329.056249965982	-0.549978062705019	-0.366889360080528
329.067968715934	-0.544746027210727	-0.362286593130295
329.079687465885	-0.541988477314111	-0.357326774035626
329.091406215836	-0.536080285901123	-0.352125320253282
329.103124965787	-0.53110490003396	-0.346793995226606
329.114843715738	-0.526708312544645	-0.341438394950553
329.126562465689	-0.522780467082655	-0.336155511965299
329.13828121564	-0.520652288016455	-0.331031441631768
329.149999965591	-0.522177355986421	-0.326139302485233
329.161718715543	-0.518369146678744	-0.321537444871039
329.173437465494	-0.51375935285856	-0.317268019236553
329.185156215445	-0.509033041889948	-0.31335596723808
329.196874965396	-0.507844129167477	-0.309808485637358
329.208593715347	-0.50308417749253	-0.306614995739345
329.220312465298	-0.503129277169945	-0.303747631195932
329.232031215249	-0.510538572528567	-0.301162235955104
329.2437499652	-0.515371346239839	-0.298799843626531
329.255468715152	-0.514551367356367	-0.296588591096446
329.267187465103	-0.519915263212669	-0.29444600409443
329.278906215054	-0.523064887676579	-0.292281581398196
329.290624965005	-0.517049090560551	-0.289999597754733
329.302343714956	-0.512063010958924	-0.287502043172222
329.314062464907	-0.514482119687282	-0.284691617316662
329.325781214858	-0.509494480582713	-0.281474701323341
329.337499964809	-0.505700975159925	-0.277764234251773
329.349218714761	-0.505027143980789	-0.273482426573253
329.360937464712	-0.502555651481077	-0.268563247630521
329.372656214663	-0.494095444895551	-0.262954627502521
329.384374964614	-0.491345469727513	-0.256620316194009
329.396093714565	-0.487363041662533	-0.249541345106371
329.407812464516	-0.476123132474847	-0.241717038315997
329.419531214467	-0.46629234558889	-0.233165525539225
329.431249964418	-0.456281993078396	-0.223923716092748
329.44296871437	-0.43581116318718	-0.214046704754836
329.454687464321	-0.415098610339857	-0.203606596841109
329.466406214272	-0.397473650532796	-0.192690761037916
329.478124964223	-0.383593057290977	-0.181399543852404
329.489843714174	-0.370162492041173	-0.169843507459768
329.501562464125	-0.351198810350936	-0.158140281137506
329.513281214076	-0.328613294469522	-0.146411142834625
329.524999964027	-0.307669489614421	-0.134777469061849
329.536718713979	-0.283495063020607	-0.123357205740322
329.54843746393	-0.262966531520514	-0.112261517970853
329.560156213881	-0.256404017230028	-0.101591771739994
329.571874963832	-0.251856157955278	-0.0914369851930332
329.583593713783	-0.241327382109429	-0.0818718621360997
329.595312463734	-0.233238560010383	-0.0729554876931712
329.607031213685	-0.220410408468701	-0.0647307281114588
329.618749963636	-0.20155500083991	-0.057224336623744
329.630468713588	-0.187296785099841	-0.0504477282114473
329.642187463539	-0.181514913425206	-0.0443983510219781
329.65390621349	-0.174550047375523	-0.0390615535078378
329.665624963441	-0.172464866033312	-0.0344128257514934
329.677343713392	-0.171290879981864	-0.0304202817262995
329.689062463343	-0.167647309627702	-0.027047246351553
329.700781213294	-0.16269063779585	-0.0242548162900563
329.712499963245	-0.157051572033533	-0.0220042750900082
329.724218713197	-0.148755781615387	-0.0202592597330581
329.735937463148	-0.142471527207092	-0.0189875950800789
329.747656213099	-0.141555527499581	-0.0181627334216458
329.75937496305	-0.142368570983171	-0.0177647569876164
329.771093713001	-0.148050605439769	-0.0177809209276623
329.782812462952	-0.149763036548984	-0.0182057324688143
329.794531212903	-0.155222284870922	-0.0190405786008707
329.806249962854	-0.160974274173804	-0.0202929299135542
329.817968712805	-0.165031752136457	-0.0219751623931363
329.829687462757	-0.164971251186042	-0.0241030523040663
329.841406212708	-0.17438606732888	-0.0266940117564313
329.853124962659	-0.186110507329745	-0.0297651439263715
329.86484371261	-0.195791552903502	-0.0333312065727194
329.876562462561	-0.206149868326627	-0.0374025796309185
329.888281212512	-0.221396111544208	-0.0419833362626968
329.899999962463	-0.22948802361943	-0.0470695158036751
329.911718712415	-0.232057512988685	-0.0526476907825612
329.923437462366	-0.230836964635092	-0.0586939081608654
329.935156212317	-0.231263028602776	-0.065173067255301
329.946874962268	-0.236891371600922	-0.0720387741491585
329.958593712219	-0.24857392780847	-0.0792336860676704
329.97031246217	-0.262103158286221	-0.0866903309964374
329.982031212121	-0.274439814585133	-0.0943323599276997
329.993749962072	-0.286345825285746	-0.102076163827589
330.005468712023	-0.291474236197713	-0.109832766912123
330.017187461975	-0.295498964598571	-0.117509893916869
330.028906211926	-0.300218562953435	-0.125014102978939
330.040624961877	-0.310982794713913	-0.132252878021354
330.052343711828	-0.320674979594403	-0.139136584839482
330.064062461779	-0.328707184985537	-0.145580212362082
330.07578121173	-0.334417513281237	-0.151504843056577
330.087499961681	-0.338902295050169	-0.156838821951506
330.099218711632	-0.338649084093273	-0.161518619794865
330.110937461584	-0.339705855608182	-0.16548940999924
330.122656211535	-0.338491545266359	-0.168705399040333
330.134374961486	-0.337039967691124	-0.171129964135797
330.146093711437	-0.338944217662281	-0.172735659217992
330.157812461388	-0.34018456495215	-0.173504150020846
330.169531211339	-0.336078045010163	-0.173426131851725
330.18124996129	-0.334719592039216	-0.172501270321982
330.192968711241	-0.329987265844967	-0.170738187546341
330.204687461193	-0.319026507684011	-0.16815449609237
330.216406211144	-0.306032826044276	-0.164776862495905
330.228124961095	-0.294344893939787	-0.160641063706794
330.239843711046	-0.28048301473328	-0.15579198545399
330.251562460997	-0.269549659266887	-0.150283502899478
330.263281210948	-0.256211995835236	-0.144178182219708
330.274999960899	-0.240476262450097	-0.13754674737819
330.28671871085	-0.225721233629735	-0.130467269073724
330.298437460802	-0.210265987988135	-0.123024051684041
330.310156210753	-0.198376657217913	-0.11530621734798
330.321874960704	-0.187700396950918	-0.107406012013659
330.333593710655	-0.17863488043752	-0.0994168838990584
330.345312460606	-0.17005303262247	-0.0914314078802638
330.357031210557	-0.159496631295922	-0.083539147553029
330.368749960508	-0.146079210428063	-0.0758245582547013
330.380468710459	-0.133610412921588	-0.068365037971144
330.392187460411	-0.126651116525272	-0.0612292283385682
330.403906210362	-0.127078071637495	-0.0544756552460869
330.415624960313	-0.129174808829	-0.0481517789788814
330.427343710264	-0.125293748455289	-0.0422934991724448
330.439062460215	-0.120682840704431	-0.0369251322613693
330.450781210166	-0.11691696076234	-0.0320598509679038
330.462499960117	-0.101585361425476	-0.0277005489749701
330.474218710068	-0.0889862340302256	-0.0238410712407837
330.48593746002	-0.0815276739061346	-0.0204677329143122
330.497656209971	-0.0832265150611353	-0.0175610383679129
330.509374959922	-0.0854442251237605	-0.0150975066996414
330.521093709873	-0.0868619101768193	-0.0130515108063455
330.532812459824	-0.0900322537512535	-0.0113970429510619
330.544531209775	-0.0931714072668354	-0.0101093294981318
330.556249959726	-0.0933951814242476	-0.00916622989682592
330.567968709677	-0.0873100978203396	-0.00854936884029035
330.579687459629	-0.0886273063266666	-0.00824496478610837
330.59140620958	-0.0913529687763181	-0.00824433195734757
330.603124959531	-0.0917768048826558	-0.00854404612481067
330.614843709482	-0.0915625814993254	-0.00914577676749596
330.626562459433	-0.102304311860202	-0.010055799696492
330.638281209384	-0.118548414174927	-0.0112842150880822
330.649999959335	-0.129273658361839	-0.0128439062677657
330.661718709286	-0.139515011064268	-0.0147492845542295
330.673437459238	-0.146749642093316	-0.017014874841829
330.685156209189	-0.150896234509833	-0.0196538049641592
330.69687495914	-0.151969937770976	-0.022676268613983
330.708593709091	-0.156775977146089	-0.0260880359230335
330.720312459042	-0.168776226381663	-0.0298890869218838
330.732031208993	-0.180134628763281	-0.0340724403013764
330.743749958944	-0.192401330215909	-0.0386232427234447
330.755468708895	-0.198113440800687	-0.0435181722859869
330.767187458847	-0.206263945629326	-0.0487251939843753
330.778906208798	-0.215884170588321	-0.0542036859507903
330.790624958749	-0.225225690092855	-0.0599049341400318
330.8023437087	-0.228822669115164	-0.0657729715410741
330.814062458651	-0.235154347940433	-0.0717457176739488
330.825781208602	-0.239118255726529	-0.077756356814025
330.837499958553	-0.234017664051686	-0.0837348805945731
330.849218708504	-0.232141456103787	-0.0896097135121486
330.860937458456	-0.231474531294826	-0.0953093390145849
330.872656208407	-0.234613239238139	-0.100763849305877
330.884374958358	-0.238574473590618	-0.105906353165356
330.896093708309	-0.241405736668099	-0.110674191811761
330.90781245826	-0.24438091958857	-0.115009931580189
330.919531208211	-0.246323265988755	-0.11886212209413
330.931249958162	-0.24466761631417	-0.12218582780638
330.942968708113	-0.242968077771057	-0.124942957473092
330.954687458065	-0.246063565204245	-0.127102428829329
330.966406208016	-0.241628435713634	-0.128640213398889
330.978124957967	-0.236036155039595	-0.129539308463984
330.989843707918	-0.23082929437852	-0.129789679768262
331.001562457869	-0.222064761933048	-0.129388210098139
331.01328120782	-0.214822527145713	-0.128338676527928
331.024999957771	-0.205551824602292	-0.126651764239396
331.036718707722	-0.199017158578639	-0.124345109086718
331.048437457674	-0.190702431339047	-0.121443346203155
331.060156207625	-0.182828820646083	-0.117978129585
331.071874957576	-0.166763586567782	-0.113988079154325
331.083593707527	-0.15839962359243	-0.10951860833552
331.095312457478	-0.142434866060861	-0.104621587244534
331.107031207429	-0.126775102747642	-0.099354804203995
331.11874995738	-0.112158201330769	-0.0937812009224679
331.130468707331	-0.107566230401357	-0.0879678732504677
331.142187457283	-0.104084402780959	-0.0819848484563802
331.153906207234	-0.0995198345461095	-0.0759036696658369
331.165624957185	-0.090886523133953	-0.0697958365733064
331.177343707136	-0.0825829352010941	-0.0637311669342438
331.189062457087	-0.068139806969257	-0.0577761541158287
331.200781207038	-0.052833828037879	-0.0519924009939843
331.212499956989	-0.047502429927528	-0.0464352091611248
331.22421870694	-0.0503336930050087	-0.041152394800312
331.235937456891	-0.0513559326690449	-0.0361833893486519
331.247656206843	-0.0505941009667185	-0.0315586654160098
331.259374956794	-0.0438201626344397	-0.0272995079481564
331.271093706745	-0.0392883439613858	-0.023418129155258
331.282812456696	-0.035666383862286	-0.0199181051230963
331.294531206647	-0.0290165374070132	-0.0167950939742507
331.306249956598	-0.0219503036660597	-0.0140377813055869
331.317968706549	-0.018312525751399	-0.0116289893006858
331.329687456501	-0.0110141488581291	-0.0095468817931116
331.341406206452	4.17801977634678E-4	-0.00776619851976081
331.353124956403	0.00203825144294319	-0.00625945728167558
331.364843706354	-0.00132079198754859	-0.00499807180182734
331.376562456305	-0.00669939172873923	-0.00395334459585234
331.388281206256	-0.0121187613325728	-0.00309730693373738
331.399999956207	-0.0168272203807042	-0.00240339080123849
331.411718706158	-0.010677974370014	-0.00184692966245235
331.423437456109	-0.00144180367746566	-0.00140549500761948
331.435156206061	0.00600539435375763	-0.00105908364467879
331.446874956012	0.00908197399520825	-7.90176237461564E-4
331.458593705963	0.0106092988562286	-5.83690735371168E-4
331.470312455914	0.00809929338492858	-4.26855307323482E-4
331.482031205865	0.00366397013789118	-3.09024555288167E-4
331.493749955816	0.00489766287342878	-2.21460585368823E-4
331.505468705767	0.0102159166018348	-1.57097421115476E-4
331.517187455718	0.0133595548698182	-1.10303689567807E-4
331.52890620567	0.0150167640473458	-7.66548673747207E-5
331.540624955621	0.0168403944674647	-5.27229314847637E-5
331.552343705572	0.0139202397222544	-3.58882166192045E-5
331.564062455523	0.0125192636292952	-2.41757554443656E-5
331.575781205474	0.0140247554491188	-1.61164093613735E-5
331.587499955425	0.0100307715348441	-1.0631673297379E-5
331.599218705376	0.00509106047893503	-6.94010214094468E-6
331.610937455328	0.0012298571009181	-4.48278125403239E-6
331.622656205279	-0.00118791491063249	-2.865061173486E-6
331.63437495523	-8.21751383463492E-4	-1.81181054565428E-6
331.646093705181	0.00371095843412907	-1.13363348991269E-6
331.657812455132	0.0104953677147368	-7.01782588535062E-7
331.669531205083	0.0131626892268158	-4.29825443103401E-7
331.681249955034	0.0117011153052289	-2.60454181338303E-7
331.692968704985	0.00646999998518355	-1.56138780187871E-7
331.704687454936	0.00156838535830139	-9.26022325979143E-8
331.716406204888	-9.35604887362835E-4	-5.43318856149889E-8
331.728124954839	0.00143296041813611	-3.15357057999806E-8
331.73984370479	0.00443356998766738	-1.81074368933934E-8
331.751562454741	0.0058425954111829	-1.0285149107092E-8
331.763281204692	0.00798191378411602	-5.77904735889532E-9
331.774999954643	0.00639847584686974	-3.21208638053509E-9
331.786718704594	0.00723939662700058	-1.7660248634583E-9
331.798437454545	0.00608593592964919	-9.60459731048585E-10
331.810156204497	0.00735549723286718	-5.16687356333261E-10
331.821874954448	0.0108658414785021	-2.74940157230619E-10
331.833593704399	0.0128672552340802	-1.44711469527604E-10
331.84531245435	0.011922545144906	-7.5338793605436E-11
331.857031204301	0.0151376977621155	-3.87952184894223E-11
331.868749954252	0.0148682524470977	-1.97601074644875E-11
331.880468704203	0.0116132501414923	-9.95428809609212E-12
331.892187454154	0.00769412236846362	-4.96025909190069E-12
331.903906204106	0.00502905774743971	-2.44434490929951E-12
331.915624954057	-1.1352641336021E-5	-1.1918319846136E-12
331.927343704008	-0.00255700389418171	-5.74563573981141E-13
331.939062453959	-0.00507636638313744	-2.7416304964959E-13
331.95078120391	-0.00641273449704509	-1.29179921243725E-13
331.962499953861	-0.00506898541098512	-6.03113129886275E-14
331.974218703812	-0.00180259198280376	-2.75573066781148E-14
331.985937453763	-3.98467854250809E-4	-1.27842370208491E-14
331.997656203715	5.85036052062869E-4	-5.64852898377873E-15
332.009374953666	-0.00124257548877158	-2.77768945026196E-15
332.021093703617	-0.00627741622418074	-9.15881302539178E-16
332.032812453568	-0.00712432320023906	8.09782086501346E-17
332.044531203519	-0.00667350094189893	1.39410179929481E-16
332.05624995347	-0.00219849273318346	-1.24552370834461E-17
332.067968703421	0.00406526535072239	-1.45613129750919E-17
332.079687453372	0.0131982860629228	-8.39897682938772E-17
332.091406203324	0.0183336323747725	3.85469053833073E-16
332.103124953275	0.0246720238137897	2.02370449756446E-16
332.114843703226	0.0228241387347011	5.51616906564202E-16
332.126562453177	0.0205293446694832	2.42539776973775E-16
332.138281203128	0.0131443329995388	3.29647412321154E-16
332.149999953079	0.0105449902882399	1.91044549207969E-17
332.16171870303	0.00377130377180418	2.78628461391875E-17
332.173437452981	-1.34011260875497E-4	4.75894223333203E-17
332.185156202933	-0.00111169369797956	8.9328295226287E-17
332.196874952884	-0.00328128195551815	2.62282398377572E-17
332.208593702835	-0.0116231600738302	2.8967516265902E-16
332.220312452786	-0.00736314048506222	9.49959166432937E-17
332.232031202737	-8.81497561458309E-4	-9.32750254182979E-17
332.243749952688	0.0037606002482527	-9.98584887636177E-17
332.255468702639	0.00831826211292724	-7.98891030084534E-17
332.26718745259	0.0107906457571781	6.36217422064519E-17
332.278906202542	0.00210990992804719	1.89475325556773E-16
332.290624952493	-0.00498325190549174	1.78623112300769E-16
332.302343702444	-0.00813800045049975	1.14912495626697E-16
332.314062452395	-0.00714825853241556	3.01054241821055E-17
332.325781202346	-0.00160209458825169	1.33799850506105E-16
332.337499952297	0.00350584902903472	1.0768517876493E-18
332.349218702248	0.0101028951703929	-2.48654360272934E-17
332.360937452199	0.0129114630918467	-9.45772538248392E-17
332.372656202151	0.0135917550688873	-3.69684586505539E-18
332.384374952102	0.00402477599607633	-2.59206471974275E-16
332.396093702053	-0.0041375364976992	6.9608793798078E-18
332.407812452004	-0.0106095705878043	-3.09339267771414E-16
332.419531201955	-0.013092173364541	-1.85701165211893E-16
332.431249951906	-0.0152016093657213	-2.32014762524553E-16
332.442968701857	-0.00621273128264625	2.37692556196878E-17
332.454687451808	0.00459408165925975	-3.43574350168878E-17
332.46640620176	0.00670176440107107	-9.75824325688953E-17
332.478124951711	0.00826250718229047	-2.95863269082372E-17
332.489843701662	0.0110066899108273	-4.05073277407782E-16
332.501562451613	0.00826342735653763	-5.82394254262459E-17
332.513281201564	0.00507682039427317	7.34807990543182E-17
332.524999951515	0.00989892940078995	8.69414463999344E-17
332.536718701466	0.00792851194763791	1.52836655257054E-16
332.548437451417	0.00367475940034894	6.71021818963558E-17
332.560156201369	0.00629930597457295	-1.93400137584775E-16
332.57187495132	0.00656009166004748	5.91750574396303E-18
332.583593701271	0.00808385194291322	-1.9873158975126E-16
332.595312451222	0.0153996061546867	-1.27863016142185E-16
332.607031201173	0.0183777143246173	-3.09050726204546E-16
332.618749951124	0.0140103408486514	-1.25473577771779E-16
332.630468701075	0.0104931192625505	-2.61792987899877E-16
332.642187451026	0.00280110829904371	-2.19346309715798E-16
332.653906200978	-0.00217536246908442	-7.06521674339227E-17
332.665624950929	-0.00147100958950056	-2.95770417338222E-16
332.67734370088	0.00107222004557238	-6.19265605010986E-17
332.689062450831	0.0093916257939921	-1.24182909353033E-16
332.700781200782	0.0122995563315045	-1.43986106160753E-16
332.712499950733	0.00370904888691122	-2.48543567641304E-16
332.724218700684	-0.00378735585036356	-1.16863942558693E-16
332.735937450635	-0.00241664964200965	2.68105020596027E-17
332.747656200587	-6.21198629942684E-5	5.45471112632852E-17
332.759374950538	0.0020163778951765	-2.1887613489761E-16
332.771093700489	0.0122379316613289	2.7704425823905E-17
332.78281245044	0.0203452450095516	-1.7808209686289E-16
332.794531200391	0.0225077331404895	5.60477119970482E-17
332.806249950342	0.0188501562895524	6.90008220565902E-17
332.817968700293	0.0169080326755023	-3.54299031717351E-16
332.829687450244	0.0129844491797805	1.63910453776319E-16
332.841406200196	0.008997594421815	1.26671580367274E-17
332.853124950147	0.00143524498868064	1.47484672659035E-16
332.864843700098	-0.00250749811462211	1.66569105093638E-16
332.876562450049	-0.00521541193554671	1.61475977266313E-17
332.8882812	0.00116516034496109	1.39794670729893E-16
