0	0.0480312917234884
0.01220703125	0.0536179975200157
0.0244140625	0.0610552921682846
0.03662109375	0.0763934334536112
0.048828125	0.113140994393766
0.06103515625	0.180165052290779
0.0732421875	0.273525892980812
0.08544921875	0.3816212175059
0.09765625	0.487913387768754
0.10986328125	0.573781573887799
0.1220703125	0.623746970031165
0.13427734375	0.631639230395876
0.146484375	0.605295514943568
0.15869140625	0.566301919356378
0.1708984375	0.539683211113595
0.18310546875	0.53462653402141
0.1953125	0.5377374669825
0.20751953125	0.531260116337945
0.2197265625	0.511686217958693
0.23193359375	0.490716830202965
0.244140625	0.480796684856979
0.25634765625	0.479812608062267
0.2685546875	0.474613986071451
0.28076171875	0.457993413907642
0.29296875	0.4374726605861
0.30517578125	0.427203624843818
0.3173828125	0.430376603680793
0.32958984375	0.434819528012246
0.341796875	0.428357757142551
0.35400390625	0.412137189709343
0.3662109375	0.398608898071346
0.37841796875	0.396835888865084
0.390625	0.401585120630872
0.40283203125	0.401498101762657
0.4150390625	0.393325004917863
0.42724609375	0.384319209020236
0.439453125	0.381905308701168
0.45166015625	0.38326622830263
0.4638671875	0.379187676365835
0.47607421875	0.366232334265137
0.48828125	0.351463389959926
0.50048828125	0.34480440290885
0.5126953125	0.347022454501419
0.52490234375	0.349409613652895
0.537109375	0.345558255357299
0.54931640625	0.338345326400151
0.5615234375	0.334809692796496
0.57373046875	0.335977764875413
0.5859375	0.335054800197475
0.59814453125	0.326429132324104
0.6103515625	0.313101667027159
0.62255859375	0.303846614744439
0.634765625	0.302709853465214
0.64697265625	0.304176103130007
0.6591796875	0.301203632012811
0.67138671875	0.293869771158138
0.68359375	0.288294763151975
0.69580078125	0.288154413454407
0.7080078125	0.289840189607556
0.72021484375	0.288032855212664
0.732421875	0.282979991591012
0.74462890625	0.279837143436761
0.7568359375	0.281287029627792
0.76904296875	0.283492911632295
0.78125	0.281340797083346
0.79345703125	0.275185013244315
0.8056640625	0.270458757354391
0.81787109375	0.27056144673135
0.830078125	0.272185954077952
0.84228515625	0.269896968896147
0.8544921875	0.26325908567507
0.86669921875	0.257596349814411
0.87890625	0.257555824922825
0.89111328125	0.261037820162855
0.9033203125	0.261990443847184
0.91552734375	0.257786091505476
0.927734375	0.251456437146483
0.93994140625	0.247295471648671
0.9521484375	0.245781276146054
0.96435546875	0.244520417543648
0.9765625	0.243052322840507
0.98876953125	0.244000098597072
1.0009765625	0.24859429250817
1.01318359375	0.253268878728168
1.025390625	0.253220252677847
1.03759765625	0.247973902790702
1.0498046875	0.24210744775708
1.06201171875	0.24000032435173
1.07421875	0.240723676210094
1.08642578125	0.240063759865832
1.0986328125	0.236253933767702
1.11083984375	0.231984025997604
1.123046875	0.230579797113337
1.13525390625	0.231330976060349
1.1474609375	0.230684619189856
1.15966796875	0.227488004529805
1.171875	0.225057242901273
1.18408203125	0.227282722322904
1.1962890625	0.232963548653036
1.20849609375	0.236650839228419
1.220703125	0.235381004057911
1.23291015625	0.231600820015457
1.2451171875	0.229586048367469
1.25732421875	0.230163277954373
1.26953125	0.230477290543659
1.28173828125	0.228404102095887
1.2939453125	0.225368232442686
1.30615234375	0.224333620767812
1.318359375	0.225657442281314
1.33056640625	0.226509291366989
1.3427734375	0.224615312091779
1.35498046875	0.221055928535955
1.3671875	0.218715011451288
1.37939453125	0.218401286263097
1.3916015625	0.217956797557486
1.40380859375	0.215977094195006
1.416015625	0.214520983820505
1.42822265625	0.21623623344868
1.4404296875	0.219965314716909
1.45263671875	0.221713951019434
1.46484375	0.219153101135939
1.47705078125	0.214098377370842
1.4892578125	0.210656217105377
1.50146484375	0.211086217562787
1.513671875	0.214223265727784
1.52587890625	0.218011896398276
1.5380859375	0.222158903008779
1.55029296875	0.227107590678957
1.5625	0.231293936360278
1.57470703125	0.231555059867605
1.5869140625	0.226946068073107
1.59912109375	0.221135615593663
1.611328125	0.219522360018468
1.62353515625	0.223237673916411
1.6357421875	0.227953177596077
1.64794921875	0.229274691707653
1.66015625	0.227102169504376
1.67236328125	0.224697300486107
1.6845703125	0.224399851037248
1.69677734375	0.224948504559734
1.708984375	0.223789082655087
1.72119140625	0.221154386072963
1.7333984375	0.220280789910102
1.74560546875	0.223162440360948
1.7578125	0.227749884899558
1.77001953125	0.230855844786325
1.7822265625	0.231783257890428
1.79443359375	0.232048642469914
1.806640625	0.232596835452958
1.81884765625	0.232635596942313
1.8310546875	0.231457059036129
1.84326171875	0.229953994261239
1.85546875	0.229536169447878
1.86767578125	0.230051347105422
1.8798828125	0.229472763918019
1.89208984375	0.226457167621102
1.904296875	0.222579299376683
1.91650390625	0.220876657491541
1.9287109375	0.222081202329458
1.94091796875	0.22343070585463
1.953125	0.222076551782347
1.96533203125	0.218874787014884
1.9775390625	0.217847323193587
1.98974609375	0.221233530167144
2.001953125	0.226284332037545
2.01416015625	0.228462493913222
2.0263671875	0.226271775962174
2.03857421875	0.222367649542322
2.05078125	0.220504728207984
2.06298828125	0.22170487765664
2.0751953125	0.224518372530594
2.08740234375	0.228020195500416
2.099609375	0.232455708919018
2.11181640625	0.237379490256868
2.1240234375	0.240538265297236
2.13623046875	0.239731808560848
2.1484375	0.235836710756556
2.16064453125	0.23260279551806
2.1728515625	0.232738158403224
2.18505859375	0.234815596116533
2.197265625	0.235109184286006
2.20947265625	0.232047483398179
2.2216796875	0.227836651368101
2.23388671875	0.226064912074181
2.24609375	0.228090155410236
2.25830078125	0.232644316921386
2.2705078125	0.238292226136127
2.28271484375	0.244384948121411
2.294921875	0.249912224674625
2.30712890625	0.253004412948562
2.3193359375	0.252377653488527
2.33154296875	0.249215461446893
2.34375	0.247053014547349
2.35595703125	0.248838557089453
2.3681640625	0.253762173024015
2.38037109375	0.258295716547531
2.392578125	0.260367339009839
2.40478515625	0.260935965763057
2.4169921875	0.261683073053769
2.42919921875	0.262356142469517
2.44140625	0.261380879995703
2.45361328125	0.258689421057901
2.4658203125	0.256583500065864
2.47802734375	0.257269156954025
2.490234375	0.26031091755185
2.50244140625	0.263257223952595
2.5146484375	0.264490359393732
2.52685546875	0.264806808488824
2.5390625	0.266142704646119
2.55126953125	0.269147094173731
2.5634765625	0.27251110292171
2.57568359375	0.274955909089416
2.587890625	0.276759535894023
2.60009765625	0.278564488917384
2.6123046875	0.279513811961198
2.62451171875	0.27790343342576
2.63671875	0.273706362714801
2.64892578125	0.269480546322814
2.6611328125	0.26836455385023
2.67333984375	0.27118126782579
2.685546875	0.275983372626518
2.69775390625	0.280806861619947
2.7099609375	0.285639364485737
2.72216796875	0.291074820936191
2.734375	0.296284893560984
2.74658203125	0.299392659940492
2.7587890625	0.299561504336615
2.77099609375	0.298041444044513
2.783203125	0.296844430390908
2.79541015625	0.296652901434373
2.8076171875	0.296794120340075
2.81982421875	0.297202282417782
2.83203125	0.299152136554712
2.84423828125	0.30348053920321
2.8564453125	0.308761779607242
2.86865234375	0.312134183667276
2.880859375	0.312248368415424
2.89306640625	0.310780778213301
2.9052734375	0.310441460032238
2.91748046875	0.312101748352629
2.9296875	0.314786286738316
2.94189453125	0.317994706267073
2.9541015625	0.322858919984257
2.96630859375	0.330448587935807
2.978515625	0.339647920198095
2.99072265625	0.347747055044539
3.0029296875	0.353066271697597
3.01513671875	0.356459460454366
3.02734375	0.36005976939461
3.03955078125	0.3647468366797
3.0517578125	0.369326672719885
3.06396484375	0.372308524883307
3.076171875	0.37380903549278
3.08837890625	0.375198889150629
3.1005859375	0.37735056889771
3.11279296875	0.379981701348312
3.125	0.382625134510837
3.13720703125	0.385549538718961
3.1494140625	0.38925217191536
3.16162109375	0.393336203224482
3.173828125	0.396657170161
3.18603515625	0.398850679371786
3.1982421875	0.401235821865772
3.21044921875	0.405587095545412
3.22265625	0.412091051368779
3.23486328125	0.419102238378293
3.2470703125	0.424958127163167
3.25927734375	0.429372504780495
3.271484375	0.432831374317577
3.28369140625	0.435541319557353
3.2958984375	0.437715219006645
3.30810546875	0.44064877104664
3.3203125	0.446719960152484
3.33251953125	0.457149422178795
3.3447265625	0.469983866691902
3.35693359375	0.481620648997884
3.369140625	0.490131628610051
3.38134765625	0.496871751870428
3.3935546875	0.505074845394264
3.40576171875	0.516704744147535
3.41796875	0.530864465654386
3.43017578125	0.545346247732777
3.4423828125	0.558869484975427
3.45458984375	0.571409473299632
3.466796875	0.583105727501983
3.47900390625	0.593792060992159
3.4912109375	0.603757437709071
3.50341796875	0.614270931823405
3.515625	0.626631326716057
3.52783203125	0.640698964583135
3.5400390625	0.654941698742362
3.55224609375	0.66817850221018
3.564453125	0.680913264229082
3.57666015625	0.694576775607093
3.5888671875	0.709505860048705
3.60107421875	0.72407309779897
3.61328125	0.736064462681573
3.62548828125	0.744620432103643
3.6376953125	0.750614412876525
3.64990234375	0.755501191482136
3.662109375	0.760298627311309
3.67431640625	0.765767654847465
3.6865234375	0.77302329053816
3.69873046875	0.783187475463051
3.7109375	0.796269378359553
3.72314453125	0.810891388290309
3.7353515625	0.825448285460316
3.74755859375	0.839251015451071
3.759765625	0.852203164620741
3.77197265625	0.863701457061272
3.7841796875	0.872700586964052
3.79638671875	0.879295219902658
3.80859375	0.885718121589613
3.82080078125	0.894635226470925
3.8330078125	0.905938910730148
3.84521484375	0.916112818993987
3.857421875	0.92154683401754
3.86962890625	0.922200270401905
3.8818359375	0.921606411528534
3.89404296875	0.923002548146757
3.90625	0.925545356154931
3.91845703125	0.924985668676026
3.9306640625	0.918215301638787
3.94287109375	0.906748086208544
3.955078125	0.895674609431641
3.96728515625	0.889229475888461
3.9794921875	0.887466373440422
3.99169921875	0.887396317881107
4.00390625	0.886666853762658
4.01611328125	0.885277873132813
4.0283203125	0.884164769802861
4.04052734375	0.883183503516482
4.052734375	0.880941632133792
4.06494140625	0.876337893240567
4.0771484375	0.869724980539219
4.08935546875	0.8623625747025
4.1015625	0.855091958839364
4.11376953125	0.847942808206349
4.1259765625	0.840834154129132
4.13818359375	0.834004996820038
4.150390625	0.827608655354413
4.16259765625	0.821449233036545
4.1748046875	0.815399945570385
4.18701171875	0.809725743886401
4.19921875	0.804610169894206
4.21142578125	0.799361108170707
4.2236328125	0.792556910245807
4.23583984375	0.783581996836767
4.248046875	0.773937266451055
4.26025390625	0.766349438800153
4.2724609375	0.762338355483214
4.28466796875	0.760940444742455
4.296875	0.759772687758019
4.30908203125	0.757161414982077
4.3212890625	0.753208811960132
4.33349609375	0.748802203945631
4.345703125	0.744061778297055
4.35791015625	0.738269995176136
4.3701171875	0.73114890083268
4.38232421875	0.723690680977326
4.39453125	0.717410493831279
4.40673828125	0.712883895883677
4.4189453125	0.709374997105206
4.43115234375	0.705896898386768
4.443359375	0.702174597135878
4.45556640625	0.69822424609051
4.4677734375	0.693415770250204
4.47998046875	0.686894312595439
4.4921875	0.679131325108568
4.50439453125	0.672344232870034
4.5166015625	0.668711239945899
4.52880859375	0.668169825244362
4.541015625	0.668268933288257
4.55322265625	0.666242555417361
4.5654296875	0.66133794035271
4.57763671875	0.655346988582474
4.58984375	0.650860946235857
4.60205078125	0.649052440692764
4.6142578125	0.649274630757679
4.62646484375	0.650107410958075
4.638671875	0.650176922625586
4.65087890625	0.648414541863559
4.6630859375	0.644281336966606
4.67529296875	0.638160525787495
4.6875	0.631282318539535
4.69970703125	0.624904398781011
4.7119140625	0.619644980016533
4.72412109375	0.615547099169433
4.736328125	0.61261720431709
4.74853515625	0.611225385314019
4.7607421875	0.611631084464006
4.77294921875	0.613121661729663
4.78515625	0.614089374615187
4.79736328125	0.613196801839127
4.8095703125	0.610457922110738
4.82177734375	0.607125841794804
4.833984375	0.604710981372165
4.84619140625	0.604185867658673
4.8583984375	0.605622349273402
4.87060546875	0.608218254208139
4.8828125	0.610715895296406
4.89501953125	0.61179375880532
4.9072265625	0.610386070905077
4.91943359375	0.606178070040886
4.931640625	0.599851144632289
4.94384765625	0.592604816094522
4.9560546875	0.585550847401109
4.96826171875	0.579626856905433
4.98046875	0.575471255813197
4.99267578125	0.573006633942301
5.0048828125	0.571497740233274
5.01708984375	0.570147777034912
5.029296875	0.568694373258183
5.04150390625	0.5675202802103
5.0537109375	0.566878493274229
5.06591796875	0.565992510517585
5.078125	0.563411408507928
5.09033203125	0.558424585955664
5.1025390625	0.552061128690578
5.11474609375	0.546533987996968
5.126953125	0.543459276578687
5.13916015625	0.542597745316816
5.1513671875	0.542389864898428
5.16357421875	0.541560738259763
5.17578125	0.53999916087958
5.18798828125	0.538060377684393
5.2001953125	0.535530931208922
5.21240234375	0.531972570567564
5.224609375	0.527788718502535
5.23681640625	0.524266832390768
5.2490234375	0.522436936602487
5.26123046875	0.522080936639935
5.2734375	0.522197160632542
5.28564453125	0.522319320214048
5.2978515625	0.52272758998671
5.31005859375	0.52322966609782
5.322265625	0.522398393584644
5.33447265625	0.518761554872184
5.3466796875	0.512887480221476
5.35888671875	0.507660747738699
5.37109375	0.505673003566027
5.38330078125	0.506332028147722
5.3955078125	0.506284642289215
5.40771484375	0.502969658612402
5.419921875	0.497465046890327
5.43212890625	0.493510093614642
5.4443359375	0.493500911433111
5.45654296875	0.49581682715225
5.46875	0.496571477687608
5.48095703125	0.493482813539382
5.4931640625	0.487644853692047
5.50537109375	0.481987687917124
5.517578125	0.478528314750646
5.52978515625	0.477171440169279
5.5419921875	0.476711343986991
5.55419921875	0.476402096464656
5.56640625	0.476412649297113
5.57861328125	0.477110475255158
5.5908203125	0.478325334497601
5.60302734375	0.479359284179306
5.615234375	0.479298673634747
5.62744140625	0.477245173997552
5.6396484375	0.472806521265193
5.65185546875	0.466711124171654
5.6640625	0.460756409145708
5.67626953125	0.456632584351238
5.6884765625	0.454319211296306
5.70068359375	0.451916856141763
5.712890625	0.447612076324895
5.72509765625	0.441708202701364
5.7373046875	0.436428875170404
5.74951171875	0.433633728309219
5.76171875	0.432897570923853
5.77392578125	0.432171471266858
5.7861328125	0.430164709082635
5.79833984375	0.427686903408321
5.810546875	0.42650074269181
5.82275390625	0.426723672356917
5.8349609375	0.426476611232469
5.84716796875	0.424496391965737
5.859375	0.421622122949686
5.87158203125	0.419666139761383
5.8837890625	0.419429457970157
5.89599609375	0.41995676454634
5.908203125	0.4196358091537
5.92041015625	0.41778824242313
5.9326171875	0.41498039301705
5.94482421875	0.412094971884499
5.95703125	0.409671703518317
5.96923828125	0.408060547763313
5.9814453125	0.407667919427986
5.99365234375	0.408714000285346
6.005859375	0.410829645870204
6.01806640625	0.41297834932148
6.0302734375	0.413712453507509
6.04248046875	0.41177851380686
6.0546875	0.406864739529787
6.06689453125	0.399990416613682
6.0791015625	0.393216823205559
6.09130859375	0.388613428106761
6.103515625	0.38716935543614
6.11572265625	0.388304891708089
6.1279296875	0.390064285322611
6.14013671875	0.390405219177203
6.15234375	0.388821670017381
6.16455078125	0.386676757309246
6.1767578125	0.385846187067247
6.18896484375	0.386740801079184
6.201171875	0.387544637114017
6.21337890625	0.38563127998166
6.2255859375	0.379864331588466
6.23779296875	0.371700714673139
6.25	0.364326494598335
6.26220703125	0.360489600792672
6.2744140625	0.360873691983924
6.28662109375	0.36433099145516
6.298828125	0.368882089057085
6.31103515625	0.372539842573324
6.3232421875	0.373988532189807
6.33544921875	0.372913789460584
6.34765625	0.369942626384647
6.35986328125	0.366378045424973
6.3720703125	0.363709344703537
6.38427734375	0.362868803616479
6.396484375	0.363701819545963
6.40869140625	0.365090689808501
6.4208984375	0.365734950857347
6.43310546875	0.365260826297703
6.4453125	0.364714966335325
6.45751953125	0.36575624278218
6.4697265625	0.369085264478244
6.48193359375	0.373625168814973
6.494140625	0.377640385052715
6.50634765625	0.380379462406924
6.5185546875	0.382299684025779
6.53076171875	0.384119495377564
6.54296875	0.385914201832754
6.55517578125	0.386968199792236
6.5673828125	0.386761353243053
6.57958984375	0.386040910241569
6.591796875	0.386512248885153
6.60400390625	0.389375020787748
6.6162109375	0.393983590057943
6.62841796875	0.398124562557015
6.640625	0.40025822846568
6.65283203125	0.400963022040439
6.6650390625	0.401844657166745
6.67724609375	0.403532543984151
6.689453125	0.40501456902112
6.70166015625	0.404781708236636
6.7138671875	0.402611270223354
6.72607421875	0.400601836499
6.73828125	0.401557753725617
6.75048828125	0.406163932091633
6.7626953125	0.412751847519153
6.77490234375	0.419198421023481
6.787109375	0.424389824248504
6.79931640625	0.428016079791424
6.8115234375	0.429987319044712
6.82373046875	0.430197649765242
6.8359375	0.429146728171319
6.84814453125	0.42866384342282
6.8603515625	0.429538343810682
6.87255859375	0.430517990070251
6.884765625	0.430956790924083
6.89697265625	0.430477902505068
6.9091796875	0.428600883522794
6.92138671875	0.425094079485673
6.93359375	0.420475827655692
6.94580078125	0.41583403776028
6.9580078125	0.411870740286052
6.97021484375	0.40880472509807
6.982421875	0.406700467323665
6.99462890625	0.404773433999708
7.0068359375	0.403189034071398
7.01904296875	0.402966089888486
7.03125	0.404370722985114
7.04345703125	0.406462981772193
7.0556640625	0.407802914482795
7.06787109375	0.407610514673138
7.080078125	0.405846568131695
7.09228515625	0.402355530172199
7.1044921875	0.396571251831195
7.11669921875	0.388454512404141
7.12890625	0.379719345253686
7.14111328125	0.373828249045645
7.1533203125	0.373664166942368
7.16552734375	0.378154156269759
7.177734375	0.383587595189494
7.18994140625	0.387085587811297
7.2021484375	0.387649665547162
7.21435546875	0.385663306781367
7.2265625	0.381991862347471
7.23876953125	0.377437266482058
7.2509765625	0.372849889512156
7.26318359375	0.369432442319545
7.275390625	0.368385547306685
7.28759765625	0.369588314106616
7.2998046875	0.371179625824524
7.31201171875	0.371669873756947
7.32421875	0.371125607949151
7.33642578125	0.369774195069495
7.3486328125	0.367030771677381
7.36083984375	0.362278521019474
7.373046875	0.356134857225563
7.38525390625	0.3505465305581
7.3974609375	0.346958893113777
7.40966796875	0.345339588295808
7.421875	0.344693674633081
7.43408203125	0.343539938905749
7.4462890625	0.341025808250091
7.45849609375	0.338039759321719
7.470703125	0.33658869343703
7.48291015625	0.337467308727311
7.4951171875	0.339133529132895
7.50732421875	0.33993710253917
7.51953125	0.339477121043059
7.53173828125	0.338189889488809
7.5439453125	0.336560233114045
7.55615234375	0.33470530450761
7.568359375	0.332527593675452
7.58056640625	0.329981371224252
7.5927734375	0.327011948162065
7.60498046875	0.323379884969477
7.6171875	0.31873398260912
7.62939453125	0.313218153281529
7.6416015625	0.308050359676837
7.65380859375	0.305062245102381
7.666015625	0.305185914912296
7.67822265625	0.307320034228311
7.6904296875	0.309028364510216
7.70263671875	0.30834349995212
7.71484375	0.304944017508347
7.72705078125	0.300143363659753
7.7392578125	0.295869230136696
7.75146484375	0.293442089027484
7.763671875	0.293136229511374
7.77587890625	0.294215341669921
7.7880859375	0.295112914637817
7.80029296875	0.294379749601566
7.8125	0.291538500160423
7.82470703125	0.287048245259998
7.8369140625	0.281988317668617
7.84912109375	0.277804307423132
7.861328125	0.275401492020959
7.87353515625	0.274111292544739
7.8857421875	0.272432666675028
7.89794921875	0.269662560139826
7.91015625	0.26655411235574
7.92236328125	0.264611047461187
7.9345703125	0.26466548872003
7.94677734375	0.266145743148268
7.958984375	0.267658576219154
7.97119140625	0.268236302657998
7.9833984375	0.267797121926707
7.99560546875	0.266328652069359
8.0078125	0.263471681002805
8.02001953125	0.259019163633512
8.0322265625	0.253559415863863
8.04443359375	0.24903117668963
8.056640625	0.247972313471182
8.06884765625	0.250362996449768
8.0810546875	0.253275873183243
8.09326171875	0.254117874446909
8.10546875	0.252328234963824
8.11767578125	0.248974163749773
8.1298828125	0.245485911331142
8.14208984375	0.242576438742978
8.154296875	0.240052661540627
8.16650390625	0.237699967300436
8.1787109375	0.235622471048129
8.19091796875	0.233818905492743
8.203125	0.231962107187746
8.21533203125	0.229843689538339
8.2275390625	0.228300223192034
8.23974609375	0.229143746813976
8.251953125	0.232702220559242
8.26416015625	0.236300159654435
8.2763671875	0.237206581323404
8.28857421875	0.235069930086031
8.30078125	0.231796977517325
8.31298828125	0.22991331464488
8.3251953125	0.230428171099002
8.33740234375	0.231960902524336
8.349609375	0.232169010722075
8.36181640625	0.229724829734695
8.3740234375	0.225122812107438
8.38623046875	0.220193781301779
8.3984375	0.216779475866759
8.41064453125	0.21547997211299
8.4228515625	0.215641219425209
8.43505859375	0.215994275952483
8.447265625	0.215101959633015
8.45947265625	0.21225475541045
8.4716796875	0.208472756573177
8.48388671875	0.206182562666512
8.49609375	0.207296414333614
8.50830078125	0.211025164331235
8.5205078125	0.214090717075754
8.53271484375	0.213712513077719
8.544921875	0.209682766848086
8.55712890625	0.204126324641991
8.5693359375	0.200171414878865
8.58154296875	0.199913140748319
8.59375	0.20193472732335
8.60595703125	0.203338537553472
8.6181640625	0.202685890016011
8.63037109375	0.200030876329937
8.642578125	0.195993622924742
8.65478515625	0.191254844606425
8.6669921875	0.187184218342411
8.67919921875	0.186030026786531
8.69140625	0.186865839905232
8.70361328125	0.187609452351026
8.7158203125	0.187359789719373
8.72802734375	0.186083101726306
8.740234375	0.184267396928922
8.75244140625	0.182632237687351
8.7646484375	0.181763071143722
8.77685546875	0.181931318316423
8.7890625	0.183183625324965
8.80126953125	0.185125059452049
8.8134765625	0.186882798763085
8.82568359375	0.187535120434656
8.837890625	0.18648485010465
8.85009765625	0.183713608715118
8.8623046875	0.179849855347859
8.87451171875	0.176050459107384
8.88671875	0.17388745026912
8.89892578125	0.174180376452365
8.9111328125	0.175514420802816
8.92333984375	0.176159205010309
8.935546875	0.174957716459654
8.94775390625	0.171882271061075
8.9599609375	0.169067382298055
8.97216796875	0.168570610251973
8.984375	0.169287647417339
8.99658203125	0.16994708293055
9.0087890625	0.169323890482866
9.02099609375	0.166884149332747
9.033203125	0.163316121576914
9.04541015625	0.160063606640281
9.0576171875	0.15877982674272
9.06982421875	0.160179155226356
9.08203125	0.15987581274034
9.09423828125	0.157122534621466
9.1064453125	0.154285945522318
9.11865234375	0.153830347245427
9.130859375	0.155291739593942
9.14306640625	0.157511730972423
9.1552734375	0.159724774759424
9.16748046875	0.161512296283111
9.1796875	0.16261843840458
9.19189453125	0.162733177258444
9.2041015625	0.161696396623744
9.21630859375	0.159930759159458
9.228515625	0.157780659681254
9.24072265625	0.154848424879767
9.2529296875	0.150796411174961
9.26513671875	0.146099543400869
9.27734375	0.143449679508735
9.28955078125	0.144261924654006
9.3017578125	0.146643791905229
9.31396484375	0.150282612271587
9.326171875	0.154214745961701
9.33837890625	0.156531263432938
9.3505859375	0.155971506209457
9.36279296875	0.153154131653572
9.375	0.149373258183399
9.38720703125	0.146068619135706
9.3994140625	0.144565498791673
9.41162109375	0.144978323719447
9.423828125	0.147728556858075
9.43603515625	0.149700488696738
9.4482421875	0.149281246392143
9.46044921875	0.14654196684841
9.47265625	0.142358823534056
9.48486328125	0.137375260381893
9.4970703125	0.13269329158727
9.50927734375	0.130207079116809
9.521484375	0.130346372425074
9.53369140625	0.131553613067098
9.5458984375	0.133807245558917
9.55810546875	0.13650515071218
9.5703125	0.138185185428191
9.58251953125	0.139202892231908
9.5947265625	0.139164285998928
9.60693359375	0.137145846682323
9.619140625	0.132740705100089
9.63134765625	0.127240232309364
9.6435546875	0.12376167704378
9.65576171875	0.124382861579535
9.66796875	0.127154617335973
9.68017578125	0.129733941309124
9.6923828125	0.131043336519079
9.70458984375	0.131016920314061
9.716796875	0.129878508442068
9.72900390625	0.128087197601515
9.7412109375	0.126607046449331
9.75341796875	0.125965282258937
9.765625	0.125413821599205
9.77783203125	0.125413035460902
9.7900390625	0.125390107842329
9.80224609375	0.124193418388829
9.814453125	0.122495767152845
9.82666015625	0.121867546482422
9.8388671875	0.123059311798802
9.85107421875	0.125487658456534
9.86328125	0.127735912319609
9.87548828125	0.128411943202648
9.8876953125	0.127463405331684
9.89990234375	0.125779282212124
9.912109375	0.126015684800627
9.92431640625	0.128158788968531
9.9365234375	0.13037944688752
9.94873046875	0.132446000711459
9.9609375	0.134033493732267
9.97314453125	0.133869190853735
9.9853515625	0.130803528901723
9.99755859375	0.125210617160589
10.009765625	0.119134493213265
10.02197265625	0.115488966539933
10.0341796875	0.115878448556989
10.04638671875	0.11712861022949
10.05859375	0.116753454949907
10.07080078125	0.115536937473907
10.0830078125	0.115401153013458
10.09521484375	0.117186771881518
10.107421875	0.119982618583003
10.11962890625	0.122459560469408
10.1318359375	0.123772502294595
10.14404296875	0.123641853212946
10.15625	0.122032007970917
10.16845703125	0.118964113791562
10.1806640625	0.115071066934365
10.19287109375	0.112026670115752
10.205078125	0.112760894856284
10.21728515625	0.116083588149067
10.2294921875	0.11983822835444
10.24169921875	0.121901862959154
10.25390625	0.121388481684247
10.26611328125	0.119002776513122
10.2783203125	0.116107087708508
10.29052734375	0.113780104701332
10.302734375	0.112804949470443
10.31494140625	0.113621456766909
10.3271484375	0.114715598448176
10.33935546875	0.114907182880436
10.3515625	0.115124867954971
10.36376953125	0.116355807093744
10.3759765625	0.117841788338147
10.38818359375	0.118534379588231
10.400390625	0.117428043412847
10.41259765625	0.114324771578255
10.4248046875	0.110909454512578
10.43701171875	0.10946270759139
10.44921875	0.109774587437125
10.46142578125	0.111116484083623
10.4736328125	0.112515662041395
10.48583984375	0.11301991045031
10.498046875	0.112775514393373
10.51025390625	0.112519900356154
10.5224609375	0.112190306517511
10.53466796875	0.111284473303884
10.546875	0.109299179150751
10.55908203125	0.106497532932855
10.5712890625	0.10439282861223
10.58349609375	0.104442032507088
10.595703125	0.106136359418998
10.60791015625	0.108004278686368
10.6201171875	0.108950238709939
10.63232421875	0.108804333384892
10.64453125	0.107928024932274
10.65673828125	0.107056200325073
10.6689453125	0.106827648751521
10.68115234375	0.107392386989106
10.693359375	0.108249210816442
10.70556640625	0.108626213406749
10.7177734375	0.108323717858701
10.72998046875	0.107852670968037
10.7421875	0.108254833002254
10.75439453125	0.110017175339307
10.7666015625	0.11241982889053
10.77880859375	0.114093596986984
10.791015625	0.113860068814966
10.80322265625	0.112002992694063
10.8154296875	0.110756453386722
10.82763671875	0.109203084827155
10.83984375	0.107951085084071
10.85205078125	0.106954850438829
10.8642578125	0.105707239795221
10.87646484375	0.104813327332061
10.888671875	0.103730325548529
10.90087890625	0.102046652230635
10.9130859375	0.101223293429128
10.92529296875	0.101880389013431
10.9375	0.103341270425653
10.94970703125	0.104938472974128
10.9619140625	0.106742816947847
10.97412109375	0.109024230215538
10.986328125	0.1115069339858
10.99853515625	0.113384124958124
11.0107421875	0.113797233180565
11.02294921875	0.112339948377413
11.03515625	0.109142390268083
11.04736328125	0.104620869374814
11.0595703125	0.0993448589698921
11.07177734375	0.0942789410123833
11.083984375	0.0908482587848404
11.09619140625	0.0913667796414379
11.1083984375	0.0960520744229745
11.12060546875	0.101369903523559
11.1328125	0.10514807838507
11.14501953125	0.106347845158832
11.1572265625	0.105371105512808
11.16943359375	0.103679661474832
11.181640625	0.102514506223631
11.19384765625	0.101702030755349
11.2060546875	0.100506512124062
11.21826171875	0.0989587450577767
11.23046875	0.0997759811980515
11.24267578125	0.100885029230826
11.2548828125	0.100266010410736
11.26708984375	0.0978842827156458
11.279296875	0.0951399719326666
11.29150390625	0.0940952575932674
11.3037109375	0.0959203493604961
11.31591796875	0.0998437992782982
11.328125	0.10392539967441
11.34033203125	0.106800090129951
11.3525390625	0.107933523328268
11.36474609375	0.107741357429619
11.376953125	0.107075943439316
11.38916015625	0.106300988969565
11.4013671875	0.105254807504637
11.41357421875	0.103600578437836
11.42578125	0.101195835904855
11.43798828125	0.0984998243990925
11.4501953125	0.0962527195808861
11.46240234375	0.0952727055862113
11.474609375	0.0948364330515704
11.48681640625	0.0929457401681277
11.4990234375	0.0896776542989774
11.51123046875	0.0874489047591383
11.5234375	0.0869671098398395
11.53564453125	0.0885877023690804
11.5478515625	0.092254848182773
11.56005859375	0.0956248344709644
11.572265625	0.0974872883001874
11.58447265625	0.0978035514201606
11.5966796875	0.097186269327806
11.60888671875	0.0964097820835012
11.62109375	0.0958982422536485
11.63330078125	0.0953141534218452
11.6455078125	0.0942380754648702
11.65771484375	0.0923876263013791
11.669921875	0.0905805741856467
11.68212890625	0.0892674589122021
11.6943359375	0.087931130813958
11.70654296875	0.0874102459378935
11.71875	0.0884454008519411
11.73095703125	0.0899363315728956
11.7431640625	0.0912415716882607
11.75537109375	0.0931112781770839
11.767578125	0.0941157104001787
11.77978515625	0.0953048518585114
11.7919921875	0.0965655142551121
11.80419921875	0.0964277519676632
11.81640625	0.0942095831311058
11.82861328125	0.0915171002735174
11.8408203125	0.0905875378942812
11.85302734375	0.0912311281643293
11.865234375	0.0914730430030378
11.87744140625	0.0901210461875018
11.8896484375	0.0874931936355198
11.90185546875	0.0845540013343265
11.9140625	0.0818483701620789
11.92626953125	0.0796867929630215
11.9384765625	0.0787570345782606
11.95068359375	0.0792480684201574
11.962890625	0.0808115264651043
11.97509765625	0.0843972824919873
11.9873046875	0.0897212719367242
11.99951171875	0.0919531676971468
12.01171875	0.091053363556604
12.02392578125	0.0890493039007506
12.0361328125	0.087344963970079
12.04833984375	0.0855098312830017
12.060546875	0.0830726348368004
12.07275390625	0.0813512780556147
12.0849609375	0.0820775731709897
12.09716796875	0.0836458393832483
12.109375	0.0836558062053971
12.12158203125	0.0823364905174143
12.1337890625	0.0809286642897647
12.14599609375	0.0801108178400061
12.158203125	0.0804024793335495
12.17041015625	0.0808222770363772
12.1826171875	0.0803743424039728
12.19482421875	0.0792079627378508
12.20703125	0.0793082015648381
12.21923828125	0.0812935793928617
12.2314453125	0.0830127654594558
12.24365234375	0.0833493763582577
12.255859375	0.0832475771050384
12.26806640625	0.0838132240948385
12.2802734375	0.0842494885663084
12.29248046875	0.0823815661707026
12.3046875	0.0779675600846535
12.31689453125	0.0744487226899766
12.3291015625	0.0760797384421955
12.34130859375	0.0803701197300853
12.353515625	0.0823808189409534
12.36572265625	0.0826481046234277
12.3779296875	0.0828906558138623
12.39013671875	0.0873932480766886
12.40234375	0.0922768210200848
12.41455078125	0.0996793667285524
12.4267578125	0.12556807111278
12.43896484375	0.182459478651662
12.451171875	0.259593061693198
12.46337890625	0.336617331463446
12.4755859375	0.394410051712394
12.48779296875	0.419175390778254
12.5	0.405423415058913
12.51220703125	0.357369892294766
12.5244140625	0.288057646913375
12.53662109375	0.216257710387496
12.548828125	0.160769235341747
12.56103515625	0.129935470532941
12.5732421875	0.11427581488903
12.58544921875	0.10080576050457
12.59765625	0.0882478671509054
12.60986328125	0.0815391336552643
12.6220703125	0.0812403906975188
12.63427734375	0.0827397045679633
12.646484375	0.0834870434565068
12.65869140625	0.0856717199935561
12.6708984375	0.0903343297153566
12.68310546875	0.0945477607200262
12.6953125	0.0952247650416093
12.70751953125	0.0924036882531287
12.7197265625	0.0883747832613478
12.73193359375	0.0845244436152966
12.744140625	0.082543706525067
12.75634765625	0.0819823006972158
12.7685546875	0.0802404299518857
12.78076171875	0.0793834538149094
12.79296875	0.0809307121129011
12.80517578125	0.0829703654888458
12.8173828125	0.0831213571724431
12.82958984375	0.0819925997661526
12.841796875	0.0820040769624913
12.85400390625	0.0836867818888052
12.8662109375	0.0847465770422799
12.87841796875	0.0826189967688645
12.890625	0.0776630579997204
12.90283203125	0.0733976095182697
12.9150390625	0.0731808729376004
12.92724609375	0.0767958983708584
12.939453125	0.0803131805780972
12.95166015625	0.0814851708591063
12.9638671875	0.0805854465337305
12.97607421875	0.0783152014069614
12.98828125	0.0749529795087779
13.00048828125	0.0711540497303341
13.0126953125	0.0680631575776087
13.02490234375	0.067289331002757
13.037109375	0.0697057240114596
13.04931640625	0.0732324301447924
13.0615234375	0.0744274738636457
13.07373046875	0.0737699743029778
13.0859375	0.074142316372467
13.09814453125	0.0758750332767192
13.1103515625	0.077732310635076
13.12255859375	0.077945056624617
13.134765625	0.0769355482555673
13.14697265625	0.0759484668674244
13.1591796875	0.0765111014002998
13.17138671875	0.078059065379988
13.18359375	0.0788788541791185
13.19580078125	0.0786200846551563
13.2080078125	0.0780528325842075
13.22021484375	0.077014610341257
13.232421875	0.0776122559586682
13.24462890625	0.0766068922006569
13.2568359375	0.0742872493883756
13.26904296875	0.0739858391604404
13.28125	0.074143687524933
13.29345703125	0.0747682670194511
13.3056640625	0.0754296447899159
13.31787109375	0.0761129584652036
13.330078125	0.0774080152400621
13.34228515625	0.0791558141306634
13.3544921875	0.0809713036971746
13.36669921875	0.0822431147005185
13.37890625	0.0819091303192408
13.39111328125	0.0807971660608362
13.4033203125	0.0796318614857165
13.41552734375	0.0781849103720917
13.427734375	0.0758755228617022
13.43994140625	0.0732140158916125
13.4521484375	0.0732065515418925
13.46435546875	0.0774228106987978
13.4765625	0.0813325693613344
13.48876953125	0.0822737970222451
13.5009765625	0.0799092378224535
13.51318359375	0.075923513286206
13.525390625	0.0729782124193034
13.53759765625	0.0729470852831511
13.5498046875	0.0752755162810791
13.56201171875	0.0776571692495402
13.57421875	0.0785303349749946
13.58642578125	0.0779592764673369
13.5986328125	0.0768424508598242
13.61083984375	0.0756459512472882
13.623046875	0.0773055134927616
13.63525390625	0.078142927255244
13.6474609375	0.0768143932901476
13.65966796875	0.0737663002028697
13.671875	0.0703658606947869
13.68408203125	0.0683499193519127
13.6962890625	0.0689457418693048
13.70849609375	0.0707113103471493
13.720703125	0.0723877609660368
13.73291015625	0.0737507441872806
13.7451171875	0.075115945204375
13.75732421875	0.076530224795629
13.76953125	0.0774526102200467
13.78173828125	0.0772250496246972
13.7939453125	0.0759586134610329
13.80615234375	0.0738833384705734
13.818359375	0.0715217914594435
13.83056640625	0.0714843562401787
13.8427734375	0.0736162618186394
13.85498046875	0.0758261281918665
13.8671875	0.0770638021936626
13.87939453125	0.0770075097514048
13.8916015625	0.0758049590257143
13.90380859375	0.0740582355038609
13.916015625	0.0723339858705986
13.92822265625	0.07129475514684
13.9404296875	0.0712907517446477
13.95263671875	0.0719563321236674
13.96484375	0.0725911015735347
13.97705078125	0.0725201418547101
13.9892578125	0.0715910067129436
14.00146484375	0.0702686542557913
14.013671875	0.0688867736235432
14.02587890625	0.0678845394013451
14.0380859375	0.068465963930249
14.05029296875	0.0711082318464578
14.0625	0.0744812346183925
14.07470703125	0.0764941348839811
14.0869140625	0.0759719408260526
14.09912109375	0.0738938327603685
14.111328125	0.0725103392143284
14.12353515625	0.0726431219028708
14.1357421875	0.0730676302885334
14.14794921875	0.0720699253862883
14.16015625	0.0696011840916461
14.17236328125	0.0679661922768979
14.1845703125	0.0693773954382084
14.19677734375	0.0732101620273081
14.208984375	0.076758581157216
14.22119140625	0.0783321159551746
14.2333984375	0.0782613975047797
14.24560546875	0.0775634136812936
14.2578125	0.0770119347669522
14.27001953125	0.0765591574785271
14.2822265625	0.0759604207434328
14.29443359375	0.0752970017692084
14.306640625	0.0748267089831185
14.31884765625	0.074857434675536
14.3310546875	0.0765287051951105
14.34326171875	0.0795009347309107
14.35546875	0.0817636167782756
14.36767578125	0.0827616374417844
14.3798828125	0.0824998630027304
14.39208984375	0.081309363107989
14.404296875	0.0794018840356793
14.41650390625	0.0770916336355666
14.4287109375	0.075264955446382
14.44091796875	0.0745847888463657
14.453125	0.0747595589964471
14.46533203125	0.0747759462239168
14.4775390625	0.0737268189387176
14.48974609375	0.0716881266841656
14.501953125	0.0691136276040782
14.51416015625	0.0664126984533625
14.5263671875	0.0641014907077088
14.53857421875	0.0626523977081394
14.55078125	0.0620680030077699
14.56298828125	0.061644520793995
14.5751953125	0.0618274613012754
14.58740234375	0.0639496412531166
14.599609375	0.0670926509368492
14.61181640625	0.071131622651975
14.6240234375	0.0746943687647015
14.63623046875	0.0761059869570693
14.6484375	0.0747422899864864
14.66064453125	0.0711789941249122
14.6728515625	0.069007059880152
14.68505859375	0.0681592290078751
14.697265625	0.0675656446458106
14.70947265625	0.0669986095300228
14.7216796875	0.0652319434400682
14.73388671875	0.0633476228210934
14.74609375	0.0639412183044431
14.75830078125	0.0662029499967896
14.7705078125	0.0675736903913813
14.78271484375	0.0673558369864926
14.794921875	0.0678542487127383
14.80712890625	0.0685475504794561
14.8193359375	0.069696299009786
14.83154296875	0.0712323109401656
14.84375	0.0736160215519002
14.85595703125	0.0747016326736354
14.8681640625	0.0740109585272391
14.88037109375	0.0722124003695293
14.892578125	0.0705339249131535
14.90478515625	0.0720101037311986
14.9169921875	0.0735095588762908
14.92919921875	0.0739200650652262
14.94140625	0.0722732683476541
14.95361328125	0.069263540432985
14.9658203125	0.0660448869080135
14.97802734375	0.0636227098098722
14.990234375	0.0628861945512956
15.00244140625	0.0638141409935416
15.0146484375	0.0656052125205303
15.02685546875	0.0668211158851966
15.0390625	0.0681680226493811
15.05126953125	0.0695877553532907
15.0634765625	0.0691240505935904
15.07568359375	0.0670657877858208
15.087890625	0.0655987055874849
15.10009765625	0.0644673116489248
15.1123046875	0.0639408737310976
15.12451171875	0.0645637529525432
15.13671875	0.0671921451242515
15.14892578125	0.0701866867101065
15.1611328125	0.0730580166039935
15.17333984375	0.0747856986627134
15.185546875	0.0735576172733251
15.19775390625	0.0699780821234825
15.2099609375	0.0666519565204022
15.22216796875	0.0662736865106992
15.234375	0.0693202716090972
15.24658203125	0.0742401503272786
15.2587890625	0.0790651992960864
15.27099609375	0.0822679287971745
15.283203125	0.083853317918777
15.29541015625	0.0844551855548686
15.3076171875	0.083470163702289
15.31982421875	0.08076938761727
15.33203125	0.0768514272344602
15.34423828125	0.073222834282767
15.3564453125	0.0718548367451772
15.36865234375	0.0718374783998543
15.380859375	0.0715796366864401
15.39306640625	0.0704533346181509
15.4052734375	0.0686655829374498
15.41748046875	0.0669213537862194
15.4296875	0.0664079373148975
15.44189453125	0.0661795161292768
15.4541015625	0.0653812185183595
15.46630859375	0.0638618903216981
15.478515625	0.0621828174412722
15.49072265625	0.0612271571468451
15.5029296875	0.0613037013518393
15.51513671875	0.0630561509539009
15.52734375	0.0655158160591104
15.53955078125	0.0681088555525663
15.5517578125	0.0701570580007831
15.56396484375	0.0709916972774923
15.576171875	0.0705327853304828
15.58837890625	0.0691548345730009
15.6005859375	0.0672419606313835
15.61279296875	0.0655590093540677
15.625	0.0646872491949274
15.63720703125	0.0656780476269707
15.6494140625	0.0675351568607258
15.66162109375	0.069321221164834
15.673828125	0.0711061284981923
15.68603515625	0.0722923031233041
15.6982421875	0.0721158744846742
15.71044921875	0.0704051927866599
15.72265625	0.0672349040293126
15.73486328125	0.0651008698759835
15.7470703125	0.0640177993390853
15.75927734375	0.0633023458764327
15.771484375	0.0641863304918225
15.78369140625	0.0658425812460477
15.7958984375	0.0672600128220288
15.80810546875	0.0689444414615814
15.8203125	0.0706453609310236
15.83251953125	0.0712854863947062
15.8447265625	0.0700134219309453
15.85693359375	0.066927315420202
15.869140625	0.0631585777081914
15.88134765625	0.0603249024438792
15.8935546875	0.0596577722571842
15.90576171875	0.0621928697885758
15.91796875	0.0638660286006629
15.93017578125	0.0631673551363222
15.9423828125	0.0615418218985198
15.95458984375	0.0609334932846646
15.966796875	0.0610550841113168
15.97900390625	0.060707532972401
15.9912109375	0.0596427420634468
16.00341796875	0.0600917265889831
16.015625	0.061747345400852
16.02783203125	0.0627085339134411
16.0400390625	0.0631075717507118
16.05224609375	0.0629695067946153
16.064453125	0.0620470093840515
16.07666015625	0.0601811296826854
16.0888671875	0.0575777243768854
16.10107421875	0.0554723256745408
16.11328125	0.055162908796443
16.12548828125	0.0567659676836531
16.1376953125	0.0607858693532626
16.14990234375	0.0650030010321923
16.162109375	0.0668491656323952
16.17431640625	0.0662847165411303
16.1865234375	0.0647751148254091
16.19873046875	0.0632679585909261
16.2109375	0.0617239502942197
16.22314453125	0.0600243022160997
16.2353515625	0.0599012630377105
16.24755859375	0.0632368373354061
16.259765625	0.0684614202678259
16.27197265625	0.0733730418908384
16.2841796875	0.0758848950483731
16.29638671875	0.075238954605827
16.30859375	0.0715031586058346
16.32080078125	0.0660539737381883
16.3330078125	0.0612602304779236
16.34521484375	0.0588242382690773
16.357421875	0.0594324621266698
16.36962890625	0.0622638934812423
16.3818359375	0.0659254824997122
16.39404296875	0.0693313794887852
16.40625	0.0717484733199466
16.41845703125	0.0728736184237296
16.4306640625	0.0728102767303256
16.44287109375	0.0718208617859873
16.455078125	0.0693914840626749
16.46728515625	0.064786588049082
16.4794921875	0.0585919862198035
16.49169921875	0.0525482302185983
16.50390625	0.0488308977759319
16.51611328125	0.0503135770727501
16.5283203125	0.0541436969923133
16.54052734375	0.0575554227179816
16.552734375	0.0593011017405931
16.56494140625	0.059372436171516
16.5771484375	0.0584611306225153
16.58935546875	0.0582064708943868
16.6015625	0.0581476307319975
16.61376953125	0.0569984855943978
16.6259765625	0.0566897037664557
16.63818359375	0.0592753263305438
16.650390625	0.0630282815169237
16.66259765625	0.0657956281624444
16.6748046875	0.0669731451332799
16.68701171875	0.069304190401033
16.69921875	0.0716195465919503
16.71142578125	0.0744628788829207
16.7236328125	0.0769818664186584
16.73583984375	0.0778683412585539
16.748046875	0.0766004558354847
16.76025390625	0.0740829584693603
16.7724609375	0.0721075509061055
16.78466796875	0.0705906776612824
16.796875	0.070295288311089
16.80908203125	0.0718163513310184
16.8212890625	0.0737562192342085
16.83349609375	0.0745285343739229
16.845703125	0.0740209109376999
16.85791015625	0.0724243818438623
16.8701171875	0.0694753179051807
16.88232421875	0.0654593630175063
16.89453125	0.0619185919071087
16.90673828125	0.0609056065729315
16.9189453125	0.0594947564539441
16.93115234375	0.0596741136664474
16.943359375	0.0620563136675851
16.95556640625	0.062313350569831
16.9677734375	0.0609431741350447
16.97998046875	0.0588733773929407
16.9921875	0.0571942666475666
17.00439453125	0.056576072989184
17.0166015625	0.0563197426827847
17.02880859375	0.0559730932585923
17.041015625	0.0557105321556244
17.05322265625	0.0564507637136389
17.0654296875	0.0580299465503538
17.07763671875	0.059851984775993
17.08984375	0.0621712079012366
17.10205078125	0.0644825572257504
17.1142578125	0.0660486281976377
17.12646484375	0.0660190690255908
17.138671875	0.0652501946884913
17.15087890625	0.0639656684041504
17.1630859375	0.0623964501071763
17.17529296875	0.0596432911647708
17.1875	0.0568981310765706
17.19970703125	0.0560548182255097
17.2119140625	0.0561229664580469
17.22412109375	0.0557226759071393
17.236328125	0.0551666604985324
17.24853515625	0.0556989018771718
17.2607421875	0.0570810170821355
17.27294921875	0.0579838311080965
17.28515625	0.0586982848395505
17.29736328125	0.0597291633764905
17.3095703125	0.0608819202995232
17.32177734375	0.0607407272832094
17.333984375	0.0584962014043697
17.34619140625	0.055557719147297
17.3583984375	0.0526671231564717
17.37060546875	0.0498260119984507
17.3828125	0.0491475903069073
17.39501953125	0.0513676483235773
17.4072265625	0.0538458951488544
17.41943359375	0.0576542914969195
17.431640625	0.0604968151318248
17.44384765625	0.0612434655265206
17.4560546875	0.0603694306752901
17.46826171875	0.0580890259908309
17.48046875	0.0561151932076511
17.49267578125	0.0558789175004634
17.5048828125	0.0567844839877151
17.51708984375	0.0568933121160451
17.529296875	0.055462341361026
17.54150390625	0.053452900607618
17.5537109375	0.0533821933442364
17.56591796875	0.0567880906553073
17.578125	0.0611656893342153
17.59033203125	0.0644473068648166
17.6025390625	0.0664026388891112
17.61474609375	0.0670460297089503
17.626953125	0.0660357352121913
17.63916015625	0.0637727946096548
17.6513671875	0.0617528873220453
17.66357421875	0.060458012324987
17.67578125	0.0598791446543284
17.68798828125	0.0602215246070511
17.7001953125	0.060671127262368
17.71240234375	0.0603370979710022
17.724609375	0.0593479625195561
17.73681640625	0.0588210972383402
17.7490234375	0.0601059832264033
17.76123046875	0.0629098880915483
17.7734375	0.0653626244758508
17.78564453125	0.0661400652216683
17.7978515625	0.0650727923456607
17.81005859375	0.0625638517714124
17.822265625	0.0594649320055545
17.83447265625	0.0579599351358474
17.8466796875	0.0587496624579711
17.85888671875	0.0604019056173455
17.87109375	0.0615911053308609
17.88330078125	0.0610333737598709
17.8955078125	0.0580668157675981
17.90771484375	0.0534419975038529
17.919921875	0.0498594276224524
17.93212890625	0.0500291111225354
17.9443359375	0.0532772782676886
17.95654296875	0.0579290960550691
17.96875	0.0618033087533194
17.98095703125	0.0638191930777953
17.9931640625	0.0652014765396135
18.00537109375	0.0650545488667573
18.017578125	0.0634786467101301
18.02978515625	0.0627475263337116
18.0419921875	0.0621942464045821
18.05419921875	0.0616381672838528
18.06640625	0.061232289441119
18.07861328125	0.061631268848483
18.0908203125	0.0630231292412809
18.10302734375	0.0642828552977469
18.115234375	0.0640902034229421
18.12744140625	0.0620517440982739
18.1396484375	0.058653441924902
18.15185546875	0.0550378680951672
18.1640625	0.0538204230504559
18.17626953125	0.0551623356015556
18.1884765625	0.0568640933336831
18.20068359375	0.0576283238865958
18.212890625	0.0576063007593783
18.22509765625	0.0573593232577895
18.2373046875	0.0576977802776802
18.24951171875	0.058322666933143
18.26171875	0.0588979066548751
18.27392578125	0.0594671971343839
18.2861328125	0.06013229569028
18.29833984375	0.061214258259456
18.310546875	0.0625210526355228
18.32275390625	0.0632906457381931
18.3349609375	0.0627080305123092
18.34716796875	0.0604057317561756
18.359375	0.0570528470172035
18.37158203125	0.0542421830605936
18.3837890625	0.0550770556136586
18.39599609375	0.0561458398639643
18.408203125	0.0565765857092391
18.42041015625	0.0564855664921153
18.4326171875	0.0560404942583305
18.44482421875	0.0552968892443653
18.45703125	0.0557088478461221
18.46923828125	0.0577011231020021
18.4814453125	0.0586616128907809
18.49365234375	0.0589715025533251
18.505859375	0.0592599860396767
18.51806640625	0.0601550830859941
18.5302734375	0.0622203134079359
18.54248046875	0.0655670784152369
18.5546875	0.0694592319894733
18.56689453125	0.072842854165271
18.5791015625	0.0747387817626541
18.59130859375	0.0746321086853543
18.603515625	0.0728101542133393
18.61572265625	0.0708164371990527
18.6279296875	0.0693148742356959
18.64013671875	0.0675577830482939
18.65234375	0.0654086818593511
18.66455078125	0.0628987362272016
18.6767578125	0.0602061874219054
18.68896484375	0.057848099587549
18.701171875	0.0567222067458141
18.71337890625	0.0574308503373842
18.7255859375	0.0592242668352762
18.73779296875	0.060558160111158
18.75	0.0607073600405574
18.76220703125	0.0607058188133986
18.7744140625	0.0600352961839636
18.78662109375	0.0587625866776547
18.798828125	0.0579747242629264
18.81103515625	0.0581357678948998
18.8232421875	0.0584709623919841
18.83544921875	0.0578666639931494
18.84765625	0.0571291578397389
18.85986328125	0.0579117532265482
18.8720703125	0.0591589223403474
18.88427734375	0.0610492192912454
18.896484375	0.063766111997387
18.90869140625	0.0663395903419949
18.9208984375	0.0676101044354586
18.93310546875	0.0679236751148277
18.9453125	0.0679961042455754
18.95751953125	0.067248195494027
18.9697265625	0.0639887101456553
18.98193359375	0.0577551765977372
18.994140625	0.0508627082824043
19.00634765625	0.0472938857902887
19.0185546875	0.0491619615124327
19.03076171875	0.054185046144802
19.04296875	0.0593048935798019
19.05517578125	0.0631425111871145
19.0673828125	0.065527416685922
19.07958984375	0.0662423525107035
19.091796875	0.0652124814824168
19.10400390625	0.0631717747681937
19.1162109375	0.0606313283584488
19.12841796875	0.0580686909542782
19.140625	0.0564771525210686
19.15283203125	0.056054140701541
19.1650390625	0.0559595582738424
19.17724609375	0.0557808218733317
19.189453125	0.0562018813190501
19.20166015625	0.0578954763540373
19.2138671875	0.0600429847370711
19.22607421875	0.0617785079705764
19.23828125	0.0631394583160953
19.25048828125	0.0643946808224056
19.2626953125	0.0653054096089223
19.27490234375	0.0652091890119783
19.287109375	0.0635951927665951
19.29931640625	0.0606428764342432
19.3115234375	0.0574032345225657
19.32373046875	0.0552250689882074
19.3359375	0.0544721162712514
19.34814453125	0.055043952326133
19.3603515625	0.056776346985597
19.37255859375	0.0580540002378109
19.384765625	0.0583180333216855
19.39697265625	0.0580513703669887
19.4091796875	0.0567818272817747
19.42138671875	0.0536047553681175
19.43359375	0.048861836934805
19.44580078125	0.0454073915066597
19.4580078125	0.0466205115677796
19.47021484375	0.0495877031336575
19.482421875	0.0523776141958707
19.49462890625	0.0545653318353127
19.5068359375	0.055717548666311
19.51904296875	0.055725771014286
19.53125	0.0545856618109591
19.54345703125	0.0528491430500721
19.5556640625	0.0526013674160077
19.56787109375	0.0532414343768731
19.580078125	0.0541015243758645
19.59228515625	0.0550068597427781
19.6044921875	0.05535762517356
19.61669921875	0.0546767362753256
19.62890625	0.0533138760733856
19.64111328125	0.0518364016991289
19.6533203125	0.0500535063995826
19.66552734375	0.0477413073422712
19.677734375	0.046222298845767
19.68994140625	0.0465347146267411
19.7021484375	0.0495384845130899
19.71435546875	0.0551544959650116
19.7265625	0.0587634733454407
19.73876953125	0.0602140593418489
19.7509765625	0.0596684143258754
19.76318359375	0.0575885212740949
19.775390625	0.0549643570402239
19.78759765625	0.052400667103623
19.7998046875	0.0512009003933055
19.81201171875	0.0519512611414993
19.82421875	0.0530819587436879
19.83642578125	0.0543483501485614
19.8486328125	0.0559165658128305
19.86083984375	0.0576910806188903
19.873046875	0.0590501833846336
19.88525390625	0.0594440305002844
19.8974609375	0.0585652784075812
19.90966796875	0.0563668848687441
19.921875	0.0536185613627734
19.93408203125	0.0523838901507815
19.9462890625	0.0534366167598479
19.95849609375	0.0538989140101949
19.970703125	0.0535127970322292
19.98291015625	0.0526591708231812
19.9951171875	0.0519417886043437
20.00732421875	0.0523343939975819
20.01953125	0.0538060957177743
20.03173828125	0.055705979084624
20.0439453125	0.0565372675832617
20.05615234375	0.0553422223508078
20.068359375	0.052410388091889
20.08056640625	0.0493029009578273
20.0927734375	0.0478403327764689
20.10498046875	0.0487334519975656
20.1171875	0.0510747946715516
20.12939453125	0.0542053809075277
20.1416015625	0.0563332461022071
20.15380859375	0.0574690880009145
20.166015625	0.058261573682763
20.17822265625	0.0582161850710852
20.1904296875	0.0565949667648364
20.20263671875	0.0540787959975757
20.21484375	0.0526627242642349
20.22705078125	0.0538180648323446
20.2392578125	0.0566191850468098
20.25146484375	0.0591536464721253
20.263671875	0.0600903502529649
20.27587890625	0.0590642615830239
20.2880859375	0.0568674492343735
20.30029296875	0.0543489910022211
20.3125	0.0526134086499862
20.32470703125	0.0536491340530954
20.3369140625	0.0555731293021564
20.34912109375	0.0556387753413825
20.361328125	0.0534324173973924
20.37353515625	0.0502840234399603
20.3857421875	0.0482311745370847
20.39794921875	0.0477577936324018
20.41015625	0.0484374415408248
20.42236328125	0.0493791324840525
20.4345703125	0.0502485138990981
20.44677734375	0.0501794383057981
20.458984375	0.0494190601269167
20.47119140625	0.0494756839730538
20.4833984375	0.0515189605541759
20.49560546875	0.0542844170785807
20.5078125	0.0572225322370338
20.52001953125	0.0593223138535316
20.5322265625	0.0602501608869374
20.54443359375	0.0603788794169038
20.556640625	0.0595367688662615
20.56884765625	0.0572579141539249
20.5810546875	0.0535234223531888
20.59326171875	0.0493193827570581
20.60546875	0.0471895810037734
20.61767578125	0.0449604416775972
20.6298828125	0.0439917511475766
20.64208984375	0.0454477886129046
20.654296875	0.0464134094389834
20.66650390625	0.0455350866927033
20.6787109375	0.0432320859743936
20.69091796875	0.0408023406445421
20.703125	0.0393519958725168
20.71533203125	0.0408697622711349
20.7275390625	0.0443494310709289
20.73974609375	0.0477604407174198
20.751953125	0.0509024297714063
20.76416015625	0.0537534312430794
20.7763671875	0.0554323490075497
20.78857421875	0.0555909357860776
20.80078125	0.0545797057013157
20.81298828125	0.052834475438396
20.8251953125	0.0504642869859227
20.83740234375	0.0478452010858064
20.849609375	0.0466126637396672
20.86181640625	0.0458128175324672
20.8740234375	0.0449544269809816
20.88623046875	0.0459332974173662
20.8984375	0.0470584946152433
20.91064453125	0.0481449713630747
20.9228515625	0.049157214104565
20.93505859375	0.0496950197305316
20.947265625	0.0489772194969265
20.95947265625	0.0464884625748232
20.9716796875	0.0438664595555958
20.98388671875	0.0434115311536997
20.99609375	0.0448897078739967
21.00830078125	0.046445498277284
21.0205078125	0.0476776623018111
21.03271484375	0.0498454515460477
21.044921875	0.0529457047526703
21.05712890625	0.0554859006911524
21.0693359375	0.0560192412195852
21.08154296875	0.0542583053217285
21.09375	0.0508506449252188
21.10595703125	0.0462357891527365
21.1181640625	0.0419822228603884
21.13037109375	0.0407468736243636
21.142578125	0.0452527952630371
21.15478515625	0.0486161038091445
21.1669921875	0.0496131606623831
21.17919921875	0.0486601651019091
21.19140625	0.0475100797830278
21.20361328125	0.0478021234827666
21.2158203125	0.0487891640507888
21.22802734375	0.0488578878298965
21.240234375	0.0479478004626594
21.25244140625	0.0470357961771207
21.2646484375	0.0469970639479379
21.27685546875	0.0470867776110243
21.2890625	0.0467644464832292
21.30126953125	0.0475241440112719
21.3134765625	0.0479558576693086
21.32568359375	0.046606964785102
21.337890625	0.0447529736291786
21.35009765625	0.0440539816638305
21.3623046875	0.0440990956086488
21.37451171875	0.0446502933253264
21.38671875	0.0457004520994357
21.39892578125	0.0472139884606245
21.4111328125	0.0488060907442661
21.42333984375	0.0498284223063544
21.435546875	0.0496967000885645
21.44775390625	0.0482684079725361
21.4599609375	0.046169543013116
21.47216796875	0.0453326883729307
21.484375	0.0476336622402336
21.49658203125	0.0513895840956025
21.5087890625	0.0540508540886256
21.52099609375	0.0544351704164302
21.533203125	0.0529610270210295
21.54541015625	0.0512796804891502
21.5576171875	0.0510209936213575
21.56982421875	0.0533573185070552
21.58203125	0.0562844999692055
21.59423828125	0.0576157720230989
21.6064453125	0.0566209083877635
21.61865234375	0.0539348488298778
21.630859375	0.0509201861736868
21.64306640625	0.0493022557461059
21.6552734375	0.0502844390223069
21.66748046875	0.0525914672366656
21.6796875	0.0540957653208053
21.69189453125	0.0549792400264702
21.7041015625	0.0553486064870575
21.71630859375	0.0551695912124151
21.728515625	0.0542481851450551
21.74072265625	0.0527413781995436
21.7529296875	0.0515849708717208
21.76513671875	0.0518259654937213
21.77734375	0.0531252866253866
21.78955078125	0.0545980082387676
21.8017578125	0.0551561681495235
21.81396484375	0.054886728926396
21.826171875	0.0546841235256009
21.83837890625	0.0545480082286198
21.8505859375	0.0536538730857736
21.86279296875	0.0514446007286831
21.875	0.0482947399129581
21.88720703125	0.0459767205120146
21.8994140625	0.0458111556635894
21.91162109375	0.0470029859753602
21.923828125	0.0488823429626522
21.93603515625	0.0508522224676814
21.9482421875	0.0519538415111943
21.96044921875	0.0523106206564913
21.97265625	0.052100911785679
21.98486328125	0.0507066220165126
21.9970703125	0.047819359106693
22.00927734375	0.0440680235625782
22.021484375	0.0414106231836014
22.03369140625	0.0415712245910692
22.0458984375	0.043784322393591
22.05810546875	0.0465332495870357
22.0703125	0.0488830838934421
22.08251953125	0.0512998294649042
22.0947265625	0.053348136836627
22.10693359375	0.0533145622829026
22.119140625	0.0511203180091894
22.13134765625	0.0486926518676339
22.1435546875	0.0481432245066445
22.15576171875	0.050137732289026
22.16796875	0.0534796671415072
22.18017578125	0.055791110166821
22.1923828125	0.0553639245928524
22.20458984375	0.0522241884508894
22.216796875	0.0478718987035761
22.22900390625	0.0452103158227096
22.2412109375	0.0467623699931406
22.25341796875	0.050005954408903
22.265625	0.0532725011202345
22.27783203125	0.0551018198764347
22.2900390625	0.0544699194644619
22.30224609375	0.0512949030719372
22.314453125	0.0466913749925497
22.32666015625	0.0432527991582355
22.3388671875	0.0440099704302486
22.35107421875	0.0483746045566501
22.36328125	0.053056149778161
22.37548828125	0.0560046531698642
22.3876953125	0.0566819545984933
22.39990234375	0.0555541098109732
22.412109375	0.0534156973673588
22.42431640625	0.0506091806800652
22.4365234375	0.0471176685477009
22.44873046875	0.0435048653713311
22.4609375	0.0413258884471486
22.47314453125	0.0421410974468641
22.4853515625	0.0453089079663332
22.49755859375	0.0480338698830058
22.509765625	0.0487534408577698
22.52197265625	0.0482637166522868
22.5341796875	0.046999584094265
22.54638671875	0.0453206709907352
22.55859375	0.0443271809414232
22.57080078125	0.0460445035158436
22.5830078125	0.0487616916103953
22.59521484375	0.0498536115950222
22.607421875	0.0494447252815505
22.61962890625	0.0490870834882521
22.6318359375	0.0502879359990904
22.64404296875	0.0527094574967722
22.65625	0.0548366430535009
22.66845703125	0.0558581366502431
22.6806640625	0.0561400160388536
22.69287109375	0.0565174171068837
22.705078125	0.0569151455660689
22.71728515625	0.0562351557570441
22.7294921875	0.0535787295875024
22.74169921875	0.0495629099202574
22.75390625	0.0465214492699794
22.76611328125	0.04609309529581
22.7783203125	0.047420013354623
22.79052734375	0.0480300831432684
22.802734375	0.047008504810259
22.81494140625	0.0463044904944236
22.8271484375	0.04787765546396
22.83935546875	0.0487290943469368
22.8515625	0.0476801974866264
22.86376953125	0.0446751731789768
22.8759765625	0.0412150570903242
22.88818359375	0.0401544592217417
22.900390625	0.0435368175690519
22.91259765625	0.0473009435921832
22.9248046875	0.0492964526315694
22.93701171875	0.0488783567054874
22.94921875	0.0467267313615238
22.96142578125	0.04420901453163
22.9736328125	0.042879309754531
22.98583984375	0.0439788985599415
22.998046875	0.0467771517605025
23.01025390625	0.0495521371271965
23.0224609375	0.051555078261155
23.03466796875	0.0525624404987324
23.046875	0.0524497607952248
23.05908203125	0.051152923737101
23.0712890625	0.0487425589270758
23.08349609375	0.045384236066191
23.095703125	0.0432336455182566
23.10791015625	0.0423061770526806
23.1201171875	0.0421158823451024
23.13232421875	0.0439759204339637
23.14453125	0.0464472513781359
23.15673828125	0.0478011260562723
23.1689453125	0.0475299176150718
23.18115234375	0.0466976257606265
23.193359375	0.0471218861004105
23.20556640625	0.0490336034025104
23.2177734375	0.0509786373272068
23.22998046875	0.051783267270368
23.2421875	0.0515298986668112
23.25439453125	0.0505871603887216
23.2666015625	0.0488426513847668
23.27880859375	0.0461716365298788
23.291015625	0.0426804149297482
23.30322265625	0.0393474210265394
23.3154296875	0.0379862685626691
23.32763671875	0.0386243710944265
23.33984375	0.0405022612330378
23.35205078125	0.0429719516878655
23.3642578125	0.0467192607021734
23.37646484375	0.051200074111778
23.388671875	0.0545632285723402
23.40087890625	0.0559005818861187
23.4130859375	0.0548224388702075
23.42529296875	0.0518854736393697
23.4375	0.048470536039947
23.44970703125	0.0457779972607548
23.4619140625	0.0438748936516134
23.47412109375	0.042314415094733
23.486328125	0.0412457892342818
23.49853515625	0.0410952600230808
23.5107421875	0.0419596998478104
23.52294921875	0.0439373872492792
23.53515625	0.0464877462968264
23.54736328125	0.0486995964517128
23.5595703125	0.0503299071419542
23.57177734375	0.0510788773950919
23.583984375	0.0504047909706441
23.59619140625	0.0485525860926733
23.6083984375	0.0473064351052653
23.62060546875	0.0487948146759174
23.6328125	0.0518533921248754
23.64501953125	0.0535254851137823
23.6572265625	0.0525024587112929
23.66943359375	0.0491612876361154
23.681640625	0.0449344860123818
23.69384765625	0.0414331343971677
23.7060546875	0.0393139209799679
23.71826171875	0.0379100768930724
23.73046875	0.0366267462402248
23.74267578125	0.0360433808725662
23.7548828125	0.0363907122341485
23.76708984375	0.0370751297644152
23.779296875	0.0379292228987446
23.79150390625	0.0395353968372024
23.8037109375	0.0423815486732885
23.81591796875	0.045697385984878
23.828125	0.048122661292859
23.84033203125	0.0490328727197346
23.8525390625	0.0487722974865776
23.86474609375	0.0495343350511907
23.876953125	0.0512639870307693
23.88916015625	0.0518561655015818
23.9013671875	0.0502380631980749
23.91357421875	0.0467848862852784
23.92578125	0.0434473194593776
23.93798828125	0.0428535041170314
23.9501953125	0.0432961456261047
23.96240234375	0.0433057705500259
23.974609375	0.0428839736592981
23.98681640625	0.0429850166208242
23.9990234375	0.0439181499089303
24.01123046875	0.0446507123165408
24.0234375	0.0444425662606682
24.03564453125	0.0438502405925168
24.0478515625	0.0440396757656294
24.06005859375	0.045817200826156
24.072265625	0.0481195156011957
24.08447265625	0.049171202844101
24.0966796875	0.0486521272802615
24.10888671875	0.0475712935588324
24.12109375	0.0465618185839587
24.13330078125	0.0449193140532398
24.1455078125	0.0418290637956605
24.15771484375	0.0380255248725026
24.169921875	0.0360493212834164
24.18212890625	0.0351149330431828
24.1943359375	0.0351731219321982
24.20654296875	0.0367542898602192
24.21875	0.038575603843938
24.23095703125	0.0417719652403844
24.2431640625	0.0450529299093211
24.25537109375	0.0471149919490279
24.267578125	0.0474868056481944
24.27978515625	0.0463901609514496
24.2919921875	0.0445691844565513
24.30419921875	0.0424287368645911
24.31640625	0.0402751458879084
24.32861328125	0.0392100129662464
24.3408203125	0.0386140681718628
24.35302734375	0.0383047540335106
24.365234375	0.0376485415437722
24.37744140625	0.0358635682289501
24.3896484375	0.035159251551081
24.40185546875	0.0362718000010842
24.4140625	0.0398323514329554
24.42626953125	0.0431091547064984
24.4384765625	0.044308181476885
24.45068359375	0.0435843352392533
24.462890625	0.0427166311230652
24.47509765625	0.0424497315887618
24.4873046875	0.0415995136046384
24.49951171875	0.0391079821531303
24.51171875	0.036334154562417
24.52392578125	0.0361607646619973
24.5361328125	0.0387921164015373
24.54833984375	0.0423173135733659
24.560546875	0.0450990056235323
24.57275390625	0.0461259276238359
24.5849609375	0.0451055912120252
24.59716796875	0.0435864980878485
24.609375	0.0424672833253021
24.62158203125	0.0408225217638904
24.6337890625	0.0380255064741204
24.64599609375	0.0347241394546029
24.658203125	0.0331013082812334
24.67041015625	0.0316870871254611
24.6826171875	0.0290903604709377
24.69482421875	0.0250690007701187
24.70703125	0.0234416529407643
24.71923828125	0.0290259085848793
24.7314453125	0.0345822621672216
24.74365234375	0.0373784485471361
24.755859375	0.0376479519885059
24.76806640625	0.0358757426181284
24.7802734375	0.0325090969820374
24.79248046875	0.0291690283371197
24.8046875	0.0267692089576655
24.81689453125	0.0282002143483058
24.8291015625	0.0375301154420814
24.84130859375	0.0443556045654752
24.853515625	0.0449426005438178
24.86572265625	0.0439481779019412
24.8779296875	0.0516233550445475
24.89013671875	0.0659083639031356
24.90234375	0.080462411722914
24.91455078125	0.104171411546703
24.9267578125	0.158556346695902
24.93896484375	0.247240006818788
24.951171875	0.355725418672842
24.96337890625	0.462462545127588
24.9755859375	0.545030992287145
24.98779296875	0.585414390004674
25	0.574626698151413
25.01220703125	0.515396839258388
25.0244140625	0.422097495048062
25.03662109375	0.318049292771829
25.048828125	0.230487538759064
25.06103515625	0.179456201266818
25.0732421875	0.159121087879526
25.08544921875	0.146266082184827
25.09765625	0.131294598879084
25.10986328125	0.1196054126478
25.1220703125	0.115649970686695
25.13427734375	0.114163819774997
25.146484375	0.107696415048684
25.15869140625	0.0965738837894392
25.1708984375	0.0878276953514767
25.18310546875	0.0866317068177984
25.1953125	0.0892762705700486
25.20751953125	0.0873383075697131
25.2197265625	0.081108723518133
25.23193359375	0.0772203719088256
25.244140625	0.0783915753338887
25.25634765625	0.0801174795917866
25.2685546875	0.0779201182434292
25.28076171875	0.0722246724009099
25.29296875	0.0683307872681173
25.30517578125	0.0723820940938246
25.3173828125	0.0756731887650305
25.32958984375	0.0748699630475438
25.341796875	0.071114306623214
25.35400390625	0.0687089193363995
25.3662109375	0.0696432311821912
25.37841796875	0.0711471177774207
25.390625	0.0696478112477472
25.40283203125	0.0663800812951883
25.4150390625	0.0652857344714458
25.42724609375	0.0678939940324853
25.439453125	0.071413435560358
25.45166015625	0.0725277607462879
25.4638671875	0.071014842143585
25.47607421875	0.0692935287387436
25.48828125	0.0688621067114378
25.50048828125	0.0683589266318971
25.5126953125	0.0656798712568634
25.52490234375	0.0595542315518989
25.537109375	0.0521536955402368
25.54931640625	0.0485931833847994
25.5615234375	0.0495868536806818
25.57373046875	0.0510760029356236
25.5859375	0.0522448637108345
25.59814453125	0.0529829234223036
25.6103515625	0.0545648347245518
25.62255859375	0.0577397569279772
25.634765625	0.060000453893033
25.64697265625	0.0609274304716132
25.6591796875	0.0606949809547448
25.67138671875	0.0599166314311076
25.68359375	0.057743040807014
25.69580078125	0.0529174143555818
25.7080078125	0.0477449388328968
25.72021484375	0.0463666456526892
25.732421875	0.0492779282038186
25.74462890625	0.053949595372338
25.7568359375	0.0573074812309629
25.76904296875	0.0581120913577617
25.78125	0.0568908769788969
25.79345703125	0.0544970961729468
25.8056640625	0.0515414830781407
25.81787109375	0.0504019567090689
25.830078125	0.0493048137600597
25.84228515625	0.0490985929760321
25.8544921875	0.049607643262775
25.86669921875	0.0493370014320687
25.87890625	0.048460967335899
25.89111328125	0.0497797551292705
25.9033203125	0.0542021534054389
25.91552734375	0.0589310062754584
25.927734375	0.0621706809693504
25.93994140625	0.0630375504743177
25.9521484375	0.0624948380261907
25.96435546875	0.0622004266836868
25.9765625	0.0625326910983308
25.98876953125	0.0623067077981296
26.0009765625	0.0603751885375264
26.01318359375	0.0567600080048046
26.025390625	0.0552058449258524
26.03759765625	0.056226633253985
26.0498046875	0.0575437872677827
26.06201171875	0.0586153260728114
26.07421875	0.0593607407375239
26.08642578125	0.0599564728520724
26.0986328125	0.0603708407895724
26.11083984375	0.0600455457082435
26.123046875	0.0586459312429765
26.13525390625	0.0573420267186614
26.1474609375	0.0582806620996759
26.15966796875	0.0610298914205234
26.171875	0.0621886911313249
26.18408203125	0.059682357251417
26.1962890625	0.0548211133231314
26.20849609375	0.0521459866518148
26.220703125	0.053933482491178
26.23291015625	0.0579059024611777
26.2451171875	0.0607902085698332
26.25732421875	0.0610777434065669
26.26953125	0.0596627341227311
26.28173828125	0.057720087950327
26.2939453125	0.0549735356950897
26.30615234375	0.0508441731665671
26.318359375	0.0460196888701268
26.33056640625	0.0428789624914309
26.3427734375	0.0416095349259722
26.35498046875	0.0417763844359308
26.3671875	0.0428588026690871
26.37939453125	0.0438628493243286
26.3916015625	0.045046738686492
26.40380859375	0.0455067944280022
26.416015625	0.0444748397729188
26.42822265625	0.0419795475223508
26.4404296875	0.0390152127285883
26.45263671875	0.0371140551084015
26.46484375	0.03695017850635
26.47705078125	0.0380599871681637
26.4892578125	0.0402718516483428
26.50146484375	0.0444525564619612
26.513671875	0.0515725694669219
26.52587890625	0.0570886298539477
26.5380859375	0.0585873201145601
26.55029296875	0.0558007814560136
26.5625	0.0508056956260692
26.57470703125	0.0479433751566223
26.5869140625	0.04909508931238
26.59912109375	0.0522729323796089
26.611328125	0.0546181262487381
26.62353515625	0.0545495523844862
26.6357421875	0.0530240168846194
26.64794921875	0.0512809348450434
26.66015625	0.0491644050970974
26.67236328125	0.0461295417120757
26.6845703125	0.0450649940766836
26.69677734375	0.0454215177117489
26.708984375	0.0470698796715006
26.72119140625	0.0523324118345064
26.7333984375	0.0561341237370036
26.74560546875	0.0571066012732503
26.7578125	0.0562898886459082
26.77001953125	0.0547355260055631
26.7822265625	0.0524272166583397
26.79443359375	0.0509696171175313
26.806640625	0.0507829862489094
26.81884765625	0.0502622165460782
26.8310546875	0.0496516104349032
26.84326171875	0.0499318174750662
26.85546875	0.0497524271456493
26.86767578125	0.0481031570570339
26.8798828125	0.047403164653525
26.89208984375	0.0469722025761993
26.904296875	0.0467883187156083
26.91650390625	0.0466035424098865
26.9287109375	0.0453009517990526
26.94091796875	0.0434396117487081
26.953125	0.0422326551817988
26.96533203125	0.0418103493768344
26.9775390625	0.0410195034896853
26.98974609375	0.041353877659722
27.001953125	0.0419585410212291
27.01416015625	0.0439377296088155
27.0263671875	0.0472054049355612
27.03857421875	0.0503940323293449
27.05078125	0.052622162590714
27.06298828125	0.0535475130338229
27.0751953125	0.0544852396605878
27.08740234375	0.0545128092366737
27.099609375	0.0529728264786328
27.11181640625	0.050812781121544
27.1240234375	0.0498163750269855
27.13623046875	0.0508805861240799
27.1484375	0.0528731925521904
27.16064453125	0.053769996903059
27.1728515625	0.0529546014371972
27.18505859375	0.0512555251501588
27.197265625	0.0497368953246627
27.20947265625	0.0489019967117618
27.2216796875	0.0486680166089647
27.23388671875	0.0484888443475406
27.24609375	0.0479226485663239
27.25830078125	0.046760153031048
27.2705078125	0.0453830863000173
27.28271484375	0.0444425974941777
27.294921875	0.0441508135022807
27.30712890625	0.044669820301074
27.3193359375	0.0450678707556767
27.33154296875	0.0444273947834645
27.34375	0.0438436721306622
27.35595703125	0.044904912508681
27.3681640625	0.0469696436051537
27.38037109375	0.0489917375050729
27.392578125	0.0495440897215716
27.40478515625	0.0473630878036744
27.4169921875	0.0439783703351539
27.42919921875	0.042223487958387
27.44140625	0.0412220253487623
27.45361328125	0.0401151473137335
27.4658203125	0.0385428098026694
27.47802734375	0.0374515361815878
27.490234375	0.0406876773664218
27.50244140625	0.0469069941099185
27.5146484375	0.0526183787123626
27.52685546875	0.0559644579041031
27.5390625	0.0565562274390729
27.55126953125	0.0550918661164507
27.5634765625	0.0526602525106915
27.57568359375	0.0501561688293444
27.587890625	0.0480350693151298
27.60009765625	0.0471131372328389
27.6123046875	0.0467410086905837
27.62451171875	0.0454826947879414
27.63671875	0.0428784706933395
27.64892578125	0.0398905745413959
27.6611328125	0.0392505199002981
27.67333984375	0.0423764535064756
27.685546875	0.0469572191796927
27.69775390625	0.05074374974072
27.7099609375	0.0526693130072379
27.72216796875	0.0529435953205049
27.734375	0.0535816821411125
27.74658203125	0.0542470485853194
27.7587890625	0.0527283667626693
27.77099609375	0.0491799086341132
27.783203125	0.0461884796738105
27.79541015625	0.0446859196763711
27.8076171875	0.0440037896445681
27.81982421875	0.0434121849006458
27.83203125	0.0436610968347641
27.84423828125	0.0459766786831438
27.8564453125	0.0503524878979748
27.86865234375	0.0548799216453963
27.880859375	0.0577041745360386
27.89306640625	0.0576999656396297
27.9052734375	0.055229832000449
27.91748046875	0.0513988711107592
27.9296875	0.0470168141026395
27.94189453125	0.0436030526462112
27.9541015625	0.0423840801630881
27.96630859375	0.0441901549125127
27.978515625	0.0469595529225193
27.99072265625	0.04805733726329
28.0029296875	0.049407112662634
28.01513671875	0.050617387308954
28.02734375	0.0505402461172365
28.03955078125	0.0495201251105729
28.0517578125	0.0482281898350001
28.06396484375	0.0464170540592507
28.076171875	0.0438757748456132
28.08837890625	0.041852724522287
28.1005859375	0.0416194153474931
28.11279296875	0.0424611538155994
28.125	0.0439373492872947
28.13720703125	0.0451416353628279
28.1494140625	0.0454630383166587
28.16162109375	0.0450008016506333
28.173828125	0.0444064265517498
28.18603515625	0.0444967164882105
28.1982421875	0.0450520611865123
28.21044921875	0.044964703384912
28.22265625	0.0440067577212201
28.23486328125	0.0426253984647332
28.2470703125	0.041369484788767
28.25927734375	0.0426388946401783
28.271484375	0.0442293651140453
28.28369140625	0.0459396428734176
28.2958984375	0.0479062123091429
28.30810546875	0.0476378829026334
28.3203125	0.0467126284830131
28.33251953125	0.0467213591301797
28.3447265625	0.0488720967544838
28.35693359375	0.0528753139415845
28.369140625	0.0564379905350856
28.38134765625	0.0584080232308042
28.3935546875	0.0597773293347356
28.40576171875	0.0611976602178207
28.41796875	0.061462465010107
28.43017578125	0.0593760782856524
28.4423828125	0.0548455744915666
28.45458984375	0.0489436049581092
28.466796875	0.0429786969855846
28.47900390625	0.0426171374741183
28.4912109375	0.0438357352630051
28.50341796875	0.0456157228317042
28.515625	0.0468239028493985
28.52783203125	0.0475618117900252
28.5400390625	0.0475432684323379
28.55224609375	0.0458223449313081
28.564453125	0.0425910866013581
28.57666015625	0.0398226198676353
28.5888671875	0.0383474635039524
28.60107421875	0.0383534122227586
28.61328125	0.0407710008965622
28.62548828125	0.043627109905987
28.6376953125	0.045618102751445
28.64990234375	0.0480972829691351
28.662109375	0.0521053113439275
28.67431640625	0.0553678764847205
28.6865234375	0.0556786389586766
28.69873046875	0.0527811847515557
28.7109375	0.047999860572883
28.72314453125	0.0432030398001414
28.7353515625	0.0396152097477631
28.74755859375	0.0388637325953108
28.759765625	0.0407273839433152
28.77197265625	0.0458638752984579
28.7841796875	0.0503767079638602
28.79638671875	0.0539114853704436
28.80859375	0.0557752236766421
28.82080078125	0.0559357457175911
28.8330078125	0.0549265905531845
28.84521484375	0.0532870331327802
28.857421875	0.0514113131022452
28.86962890625	0.0497386590849625
28.8818359375	0.0486493574726373
28.89404296875	0.0489044168000853
28.90625	0.0516201651393889
28.91845703125	0.0538956142403282
28.9306640625	0.055357275932016
28.94287109375	0.0564620841872552
28.955078125	0.0573029269870994
28.96728515625	0.0572218477412349
28.9794921875	0.0555574728501162
28.99169921875	0.0530968836680445
29.00390625	0.0505370612494104
29.01611328125	0.0504307711686962
29.0283203125	0.0521258799769405
29.04052734375	0.0529615319426188
29.052734375	0.053006211562213
29.06494140625	0.0518697390942683
29.0771484375	0.0497475632494425
29.08935546875	0.0474260104830205
29.1015625	0.0446789544032304
29.11376953125	0.0417762170026264
29.1259765625	0.0404081133290993
29.13818359375	0.0412368668788604
29.150390625	0.0432824062982365
29.16259765625	0.0462019744757212
29.1748046875	0.0476925553857214
29.18701171875	0.0489300945897794
29.19921875	0.0500024074792002
29.21142578125	0.0507738057888143
29.2236328125	0.0503370374783359
29.23583984375	0.0476630277244628
29.248046875	0.0436087636457276
29.26025390625	0.0432782448137202
29.2724609375	0.0446055925576431
29.28466796875	0.0475695679461942
29.296875	0.0517785037700327
29.30908203125	0.0550180344520019
29.3212890625	0.0565599695362993
29.33349609375	0.0562876685148671
29.345703125	0.0546062830823445
29.35791015625	0.0514687493265381
29.3701171875	0.0473451592824346
29.38232421875	0.044041620583683
29.39453125	0.0427174780802885
29.40673828125	0.0421844359889339
29.4189453125	0.0411704296208527
29.43115234375	0.0392301913375688
29.443359375	0.0377353681196616
29.45556640625	0.0394486747586473
29.4677734375	0.0412312898100028
29.47998046875	0.041513126719368
29.4921875	0.0407023819260494
29.50439453125	0.0402089378960042
29.5166015625	0.0412189109776812
29.52880859375	0.0433275412573313
29.541015625	0.0450000982473214
29.55322265625	0.0453471899650049
29.5654296875	0.0445618587606031
29.57763671875	0.0435991803775776
29.58984375	0.0431507863963149
29.60205078125	0.0432551885832208
29.6142578125	0.0439650358055753
29.62646484375	0.0453527379248718
29.638671875	0.0470108116956607
29.65087890625	0.0483929972203192
29.6630859375	0.0490110751245581
29.67529296875	0.0484623167934242
29.6875	0.0471635562490618
29.69970703125	0.046228701848764
29.7119140625	0.0461885902038498
29.72412109375	0.0462624335688662
29.736328125	0.0465716286846406
29.74853515625	0.0469897191862079
29.7607421875	0.0467053367131708
29.77294921875	0.0458210895013595
29.78515625	0.0442953214136313
29.79736328125	0.0425901577913356
29.8095703125	0.042180953489832
29.82177734375	0.0432616612083298
29.833984375	0.0447721584641734
29.84619140625	0.047183738057462
29.8583984375	0.0498530100571641
29.87060546875	0.0517830198042128
29.8828125	0.0519556330479284
29.89501953125	0.0497647832406032
29.9072265625	0.0459352606782474
29.91943359375	0.043071750047575
29.931640625	0.0438261330086087
29.94384765625	0.0468219265413143
29.9560546875	0.0490574853902992
29.96826171875	0.0490802011157706
29.98046875	0.0470576653389606
29.99267578125	0.04477251704368
30.0048828125	0.0436589185986482
30.01708984375	0.0437880188695311
30.029296875	0.0441436187815686
30.04150390625	0.0430509048031447
30.0537109375	0.0409225553525954
30.06591796875	0.0403639794571351
30.078125	0.0421761305937693
30.09033203125	0.0441048264685767
30.1025390625	0.0455092289139929
30.11474609375	0.0465651941280581
30.126953125	0.0462359302731593
30.13916015625	0.0447456198032387
30.1513671875	0.04386479969921
30.16357421875	0.0454618219065574
30.17578125	0.0489497443073128
30.18798828125	0.0517494608785427
30.2001953125	0.0521086124208124
30.21240234375	0.0500689628759535
30.224609375	0.0473506613859255
30.23681640625	0.044300873108184
30.2490234375	0.0420425943880989
30.26123046875	0.0421037637535778
30.2734375	0.0438503043802775
30.28564453125	0.0457621890272347
30.2978515625	0.0475058215618266
30.31005859375	0.0487365705381745
30.322265625	0.0488025835140082
30.33447265625	0.0478655097331324
30.3466796875	0.047672827399298
30.35888671875	0.0498954220741971
30.37109375	0.0535980528118557
30.38330078125	0.0558955813851253
30.3955078125	0.055361404940718
30.40771484375	0.0531168344542341
30.419921875	0.0508538366305691
30.43212890625	0.0498025092856371
30.4443359375	0.0504001621872398
30.45654296875	0.0515264238855732
30.46875	0.051878036315144
30.48095703125	0.0507752278195322
30.4931640625	0.0485084667624542
30.50537109375	0.0456354012933331
30.517578125	0.0420154115928714
30.52978515625	0.0404880175050552
30.5419921875	0.0444751384471569
30.55419921875	0.0492303406109162
30.56640625	0.0527322230741124
30.57861328125	0.0541566271376683
30.5908203125	0.0531344747989893
30.60302734375	0.0498842448461333
30.615234375	0.0457245974046211
30.62744140625	0.0433325132299812
30.6396484375	0.0442170830243189
30.65185546875	0.0448887719237959
30.6640625	0.0450281499024221
30.67626953125	0.0428457504281059
30.6884765625	0.0391290338551986
30.70068359375	0.0363554626571266
30.712890625	0.0362277365917095
30.72509765625	0.0374763167374872
30.7373046875	0.0379324431177875
30.74951171875	0.0366236650321431
30.76171875	0.0361411803263082
30.77392578125	0.039184993951559
30.7861328125	0.0436357749082092
30.79833984375	0.0470489081147475
30.810546875	0.0482096177110157
30.82275390625	0.0472516865323744
30.8349609375	0.0460871609166146
30.84716796875	0.045745192665305
30.859375	0.0457225292164528
30.87158203125	0.0451891799487968
30.8837890625	0.0434938422938965
30.89599609375	0.0409041101905988
30.908203125	0.0399084695401847
30.92041015625	0.0423531397697788
30.9326171875	0.0451482870139675
30.94482421875	0.0479594501557342
30.95703125	0.0489816818023811
30.96923828125	0.0480601901881835
30.9814453125	0.0462530008502963
30.99365234375	0.0441683385623422
31.005859375	0.0416764549571165
31.01806640625	0.0389041114077819
31.0302734375	0.0384656812755026
31.04248046875	0.0408101935341331
31.0546875	0.0452601185769241
31.06689453125	0.0497568216429649
31.0791015625	0.0522848643791665
31.09130859375	0.0525458539688134
31.103515625	0.0502137580165462
31.11572265625	0.0457277684328764
31.1279296875	0.041190581945442
31.14013671875	0.0401418167534896
31.15234375	0.0426723195703243
31.16455078125	0.0466294972074214
31.1767578125	0.0500090414589807
31.18896484375	0.0515741710819453
31.201171875	0.0515690852052193
31.21337890625	0.0506579979825062
31.2255859375	0.0490210928538079
31.23779296875	0.0476992813082833
