%%% 3 Columns: Magnetic Field (mT)///Experimental spectrum///Simulated spectrum 
321.9	0.0367309382712996	-8.87800847840769E-17
321.911718749951	0.0222410458256752	-2.56475800487333E-16
321.923437499902	0.0104594692946305	-1.38102354108564E-16
321.935156249853	0.00645542247298806	-2.46611346622436E-16
321.946874999805	0.00520785152011843	-2.66340254352231E-16
321.958593749756	0.013365707596218	-1.77560169568154E-16
321.970312499707	0.0248897627347436	-2.17017985027744E-16
321.982031249658	0.0268822359957372	-2.36746892757539E-16
321.993749999609	0.0240506871783823	-5.12951600974668E-16
322.00546874956	0.0153781537279397	-4.2417151619059E-16
322.017187499511	0.0157139548539679	-3.15662523676718E-16
322.028906249462	0.0191795472169644	-3.55120339136308E-16
322.040624999413	0.0226513488822312	-2.17017985027744E-16
322.052343749365	0.0203329004573494	-2.86069162082025E-16
322.064062499316	0.0177544185691039	-3.55120339136308E-16
322.075781249267	0.00549639167361991	-2.17017985027744E-16
322.087499999218	-0.00388793984194184	-3.05798069811821E-16
322.099218749169	-0.00774447787306818	-5.03087147109769E-16
322.11093749912	-0.00637475219585526	-3.25526977541615E-16
322.122656249071	-0.00325264026087793	-1.38102354108564E-16
322.134374999022	0.00486644553763222	9.86445386489742E-17
322.146093748974	0.0107679017473043	-1.97289077297949E-17
322.157812498925	0.0145133670516498	5.91867231893847E-17
322.169531248876	0.0148465935889318	9.86445386489742E-17
322.181249998827	0.0115381400679472	4.93222693244874E-17
322.192968748778	0.00465358277852493	1.08508992513872E-16
322.204687498729	-0.00572772036739403	1.13441219446321E-16
322.21640624868	-0.0128951795261019	1.97289077297949E-17
322.228124998632	-0.00878972613648236	5.91867231893847E-17
322.239843748583	0.00162452980604474	5.42544962569358E-17
322.251562498534	0.00856445395880655	-4.93222693244874E-17
322.263281248485	0.0101110690275214	3.4525588527141E-17
322.274999998436	0.00265571026843234	-1.10975105980096E-16
322.286718748387	-0.00632441081397987	-3.69917019933654E-17
322.298437498338	-0.00992909348717151	-1.20839559844994E-16
322.310156248289	-0.00635339959367679	1.40568467574788E-16
322.32187499824	0.00766104009438454	-6.65850635880579E-17
322.333593748192	0.0209567151830724	1.82492396500603E-16
322.345312498143	0.030780784517138	7.39834039867306E-17
322.357031248094	0.0348876009243291	1.03576765581423E-16
322.368749998045	0.0445511370777508	1.82492396500603E-16
322.380468747996	0.0479717498608877	2.34280779291314E-17
322.392187497947	0.0484465787792094	1.08508992513872E-16
322.403906247898	0.0409685030605953	-8.87800847840769E-17
322.415624997849	0.0355949264723843	-7.39834039867306E-18
322.427343747801	0.0212255853586396	1.3563624064234E-17
322.439062497752	0.00697088916729819	-8.87800847840769E-17
322.450781247703	-0.00633075484876788	9.37123117165258E-17
322.462499997654	-0.0113393456206093	1.97289077297949E-17
322.474218747605	-0.0106621843161176	2.34280779291314E-17
322.485937497556	-0.00778208372328073	4.93222693244874E-18
322.497656247507	-0.0078735128827208	1.3563624064234E-16
322.509374997458	-0.00518696078503758	-1.28237900243667E-16
322.52109374741	-0.00129625838612845	-1.47966807973462E-16
322.532812497361	-0.00754307489848339	1.13441219446321E-16
322.544531247312	-0.0136358704252583	-4.93222693244874E-17
322.556249997263	-0.0157716744955584	8.26148011185158E-17
322.567968747214	-0.0107799567916672	-1.33170127176115E-16
322.579687497165	-0.0108488204379791	1.29470956976779E-16
322.591406247116	-0.0133653607499195	-8.50809145847405E-17
322.603124997067	-0.0165216106420861	2.21950211960192E-17
322.614843747019	-0.0223175712310667	2.7743776495024E-17
322.62656249697	-0.0294982062262991	-1.84958509966827E-17
322.638281246921	-0.0286106858766052	2.68806367818455E-16
322.649999996872	-0.021695750379321	2.99786918237899E-17
322.661718746823	-0.0195180581749995	1.99755190764173E-16
322.673437496774	-0.017828932046864	1.93589907098612E-16
322.685156246725	-0.0243680401051082	-8.63139713178526E-18
322.696874996676	-0.0354965797730054	9.86445386489742E-17
322.708593746628	-0.0378363821398407	-1.23613937494496E-16
322.720312496579	-0.0317051817461716	1.82492396500603E-16
322.73203124653	-0.0267601095325053	-5.91867231893847E-17
322.743749996481	-0.0184193062090304	1.04809822314535E-16
322.755468746432	-0.00889025445599715	6.1652836655609E-17
322.767187496383	-0.00678752821810838	1.3563624064234E-17
322.778906246334	-0.0159942131101841	1.77560169568154E-16
322.790624996285	-0.0157206564532545	-1.65846130603588E-16
322.802343746237	-0.00396837159470037	-2.7127248128468E-17
322.814062496188	0.00682631769667339	-1.0727593578076E-16
322.825781246139	0.00688270022054313	-2.09619644629071E-17
322.83749999609	0.0108462483363293	-7.39834039867306E-17
322.849218746041	0.00961109598800005	9.12461982503011E-17
322.860937495992	-0.00474158602209288	-7.89156309191795E-17
322.872656245943	-0.0181019912401305	1.33170127176115E-16
322.884374995894	-0.03235199259317	-6.53520068549453E-17
322.896093745846	-0.0417578294970822	4.31569856589263E-17
322.907812495797	-0.0415436398277115	2.21950211960192E-17
322.919531245748	-0.0369935398169878	-1.23305673311218E-18
322.931249995699	-0.0278609747308656	-2.07153531162846E-16
322.94296874565	-0.00742066442514416	-1.29470956976779E-16
322.954687495601	0.00676702994089505	-1.47966807973462E-16
322.966406245552	0.00300544880058354	1.19606503111882E-16
322.978124995503	0.00551692886352684	-1.03576765581423E-16
322.989843745455	0.00621847303790881	1.59064318571471E-16
323.001562495406	-0.00123900597073585	-4.1307400559258E-17
323.013281245357	-0.00415385030634927	8.26148011185158E-17
323.024999995308	0.00629917591376733	-2.04610351650802E-16
323.036718745259	0.00933784088408922	-4.06908721927019E-17
323.04843749521	0.0035483924901725	-3.32925317940288E-17
323.060156245161	-0.00268994302395982	1.34403183909227E-16
323.071874995112	-0.00808563078610853	3.57586452602532E-17
323.083593745064	-0.0102617195979665	2.12702286461851E-16
323.095312495015	-0.00560394119909396	-9.617842518275E-17
323.107031244966	0.00194555470092408	1.1035857761354E-16
323.118749994917	0.0150725185035391	2.21950211960192E-17
323.130468744868	0.0257816405807017	1.73860999368817E-16
323.142187494819	0.0268763396012643	6.53520068549453E-17
323.15390624477	0.0210402457171228	2.25649382159529E-16
323.165624994721	0.0125453588901663	1.95439492198281E-16
323.177343744673	0.0160837969700399	1.88657680166163E-16
323.189062494624	0.0198309281847505	1.10975105980096E-16
323.200781244575	0.0225018813035598	1.48891600523296E-16
323.212499994526	0.0276073352514732	1.3563624064234E-16
323.224218744477	0.0317062764460289	-8.01486876522916E-17
323.235937494428	0.0140417646299734	8.50809145847405E-17
323.247656244379	0.00322717334271277	7.76825741860674E-17
323.25937499433	0.00851087969969961	1.71394885902593E-16
323.271093744282	0.00918637509382615	9.83362744656963E-17
323.282812494233	0.0112463934478078	1.81259339767491E-16
323.294531244184	0.0173376119927127	-9.0013141517189E-17
323.306249994135	0.0198852877444993	1.84341981600271E-16
323.317968744086	0.0198545885901896	-4.80892125913748E-17
323.329687494037	0.0315122194507227	1.76327112835042E-16
323.341406243988	0.0484451826521691	-2.84836105348913E-16
323.353124993939	0.0674437232600324	8.04569518355695E-17
323.364843743891	0.0726786638772387	-3.26760034274727E-16
323.376562493842	0.0641677237322178	-5.17883827907116E-17
323.388281243793	0.050019948697041	-2.24416325426416E-16
323.399999993744	0.0446759041562126	7.21338188870626E-17
323.411718743695	0.0371324035941661	5.54875529900479E-17
323.423437493646	0.0354598740517807	4.93222693244874E-18
323.435156243597	0.0354911164737761	-6.781812032117E-17
323.446874993548	0.0355515880503604	-1.02960237214867E-16
323.4585937435	0.0207433552785913	-2.7743776495024E-17
323.470312493451	0.0192443833069775	-5.79536664562726E-17
323.482031243402	0.0280949552021951	-4.56230991251505E-17
323.493749993353	0.0368984272679974	-9.80280102824184E-17
323.505468743304	0.0363676521113424	-2.56938196762251E-16
323.517187493255	0.0397501004024771	-6.1652836655609E-17
323.528906243206	0.0396255044821305	-2.04687417696622E-16
323.540624993157	0.0282043703755502	-8.87800847840769E-17
323.552343743109	0.0218108023046633	-1.2453873004433E-16
323.56406249306	0.0305215891756033	1.21147824028272E-16
323.575781243011	0.0395785825097055	-1.0727593578076E-16
323.587499992962	0.0447455236947334	9.98775953820864E-17
323.599218742913	0.055119192002909	-8.63139713178526E-18
323.610937492864	0.0570807701989486	-3.82247587264775E-17
323.622656242815	0.0483013155923412	-3.82247587264775E-17
323.634374992766	0.0400033090812687	-5.91867231893847E-17
323.646093742718	0.0382068963862732	-5.83389966853698E-17
323.657812492669	0.0363161325860502	-6.41189501218332E-17
323.66953124262	0.0389605825854136	-5.30214395238237E-17
323.681249992571	0.0433083502099673	2.21950211960192E-17
323.692968742522	0.05659327260448	1.19606503111882E-16
323.704687492473	0.0584558048569903	-3.08264183278045E-17
323.716406242424	0.0643016802390244	5.05553260575995E-17
323.728124992375	0.0688826753147022	1.3563624064234E-17
323.739843742326	0.0730911122541687	9.617842518275E-17
323.751562492278	0.0742224613027652	6.1652836655609E-19
323.763281242229	0.0803582050883393	8.43102541265453E-17
323.77499999218	0.0812349727438579	-9.98775953820864E-17
323.786718742131	0.073366619660603	9.86445386489743E-18
323.798437492082	0.0621593278663522	-1.18373446378769E-16
323.810156242033	0.0451019646552035	4.1307400559258E-17
323.821874991984	0.0330309740598093	-1.02343708848311E-16
323.833593741936	0.0369536316484504	1.0727593578076E-16
323.845312491887	0.0527396912866741	9.74114819158621E-17
323.857031241838	0.0688966431507439	4.06908721927019E-17
323.868749991789	0.0815995570422241	1.39335410841676E-16
323.88046874174	0.0855621964796293	1.59064318571471E-16
323.892187491691	0.0673744373625129	1.3563624064234E-17
323.903906241642	0.049071276091009	2.09619644629071E-16
323.915624991593	0.0454322150857361	-1.8927420853272E-16
323.927343741544	0.0423965165254492	-6.1652836655609E-17
323.939062491496	0.0402961509120082	-8.26148011185158E-17
323.950781241447	0.042723275331915	-1.86808095066495E-16
323.962499991398	0.049327594269293	1.06659407414204E-16
323.974218741349	0.048963561595552	5.24049111572674E-17
323.9859374913	0.0496422373640121	1.07892464147316E-16
323.997656241251	0.0523754349519201	1.91123793632388E-17
324.009374991202	0.0620977323073134	8.01486876522916E-18
324.021093741153	0.066296931016573	7.12090263372284E-17
324.032812491105	0.0602068615249411	2.21757546845643E-17
324.044531241056	0.0621114958757711	9.09379340670232E-17
324.056249991007	0.0748916474296366	-1.17140389645657E-17
324.067968740958	0.0832613770149068	-1.08508992513872E-16
324.079687490909	0.0882591525746713	-1.84958509966827E-17
324.09140624086	0.0978951254838693	-1.54132091639022E-16
324.103124990811	0.102276211315726	-3.63751736268093E-17
324.114843740762	0.098427094158045	3.94578154595898E-17
324.126562490714	0.0907598618897854	2.89768332281362E-17
324.138281240665	0.0774127839546693	-6.1652836655609E-19
324.149999990616	0.0642478960349441	-2.68189839451899E-17
324.161718740567	0.0465102356092178	-3.69917019933654E-18
324.173437490518	0.0339770306106867	2.89768332281362E-17
324.185156240469	0.0281631993468798	1.11591634346652E-16
324.19687499042	0.0243782954614558	7.39834039867306E-18
324.208593740371	0.0273813705285218	-1.97289077297949E-17
324.220312490323	0.03801704110322	2.25032853792973E-16
324.232031240274	0.0417778024936457	5.42544962569358E-17
324.243749990225	0.0478961299435838	-1.09742049246984E-16
324.255468740176	0.0545031749161049	1.09125520880428E-16
324.267187490127	0.0518123198014087	-6.1652836655609E-18
324.278906240078	0.0491372151119832	6.35024217552774E-17
324.290624990029	0.0499755153827062	1.17140389645657E-16
324.30234373998	0.0471291248184616	1.18373446378769E-16
324.314062489932	0.0485956247432513	9.98775953820864E-17
324.325781239883	0.0569688375956486	1.57214733471803E-16
324.337499989834	0.0620664163309267	2.61408027419782E-16
324.349218739785	0.056401759768001	1.14674276179433E-16
324.360937489736	0.0570930055873983	1.22072616578106E-16
324.372656239687	0.0574460716026656	1.78793226301266E-16
324.384374989638	0.0529945006783791	1.38102354108564E-16
324.396093739589	0.0512026313752887	1.99138662397617E-16
324.407812489541	0.0645444976150109	1.76327112835042E-16
324.419531239492	0.0731486662225798	-6.35024217552774E-17
324.431249989443	0.0801019176582631	-7.39834039867306E-18
324.442968739394	0.0936882183824751	-6.28858933887211E-17
324.454687489345	0.103567262758591	-9.55618968161937E-17
324.466406239296	0.0947723606195071	-1.72627942635705E-16
324.478124989247	0.0776015640571299	-1.45500694507237E-16
324.489843739198	0.066859212701159	-6.43501482592919E-17
324.50156248915	0.0557785300946612	-8.56974429512964E-17
324.513281239101	0.0475351957328457	-2.00988247497285E-16
324.524999989052	0.0489397540813304	-2.04070889330066E-16
324.536718739003	0.0588378807034477	-2.36130364390982E-16
324.548437488954	0.0679507577579816	-3.17512108776386E-16
324.560156238905	0.0726095962816321	-3.36624488139625E-16
324.571874988856	0.0721828647996019	-1.56598205105247E-16
324.583593738807	0.0671859354003167	1.47966807973462E-17
324.595312488759	0.0606924127075194	-2.29348552358865E-16
324.60703123871	0.0503795633329693	-2.40446062956875E-17
324.618749988661	0.0415411960779935	1.02343708848311E-16
324.630468738612	0.0439225836860565	1.43651109407569E-16
324.642187488563	0.0552450636703962	3.22444335708835E-16
324.653906238514	0.0631097195222255	5.73987909263721E-16
324.665624988465	0.0687105546341824	1.06597754577548E-15
324.677343738416	0.0715075111551574	1.99446926580895E-15
324.689062488368	0.0755966083339189	3.91803776946395E-15
324.700781238319	0.0671244384664875	7.23249426806947E-15
324.71249998827	0.0634661437688166	1.31209566970467E-14
324.724218738221	0.0614804230777788	2.41078004532595E-14
324.735937488172	0.0676590261936569	4.34732647109696E-14
324.747656238123	0.0598423163317223	7.75962602147494E-14
324.759374988074	0.0615169036057617	1.38008641796848E-13
324.771093738025	0.0617603224297213	2.43388136322081E-13
324.782812487977	0.0686313384719237	4.26514323983503E-13
324.794531237928	0.0781865904516092	7.42650957974103E-13
324.806249987879	0.0901086467210141	1.28559543092499E-12
324.81796873783	0.094432485814868	2.21173756135352E-12
324.829687487781	0.0945817049799969	3.78289814242087E-12
324.841406237732	0.0911510342167674	6.4318754634867E-12
324.853124987683	0.0759511610627859	1.08707718102264E-11
324.864843737634	0.0679502923823014	1.82645314031359E-11
324.876562487586	0.0588017629066099	3.05065177881361E-11
324.888281237537	0.0545160257868565	5.06529619558407E-11
324.899999987488	0.0562189335371039	8.36082857176309E-11
324.911718737439	0.066407988687539	1.37191376418104E-10
324.92343748739	0.0678072464121345	2.23789310220609E-10
324.935156237341	0.0746926498620362	3.62901401232559E-10
324.946874987292	0.074671491830727	5.8502769369424E-10
324.958593737243	0.0726541188427508	9.37572762400496E-10
324.970312487195	0.0713636885595773	1.49374336346463E-9
324.982031237146	0.0732198600634206	2.3658739773225E-9
324.993749987097	0.0773386407359616	3.72523596502755E-9
325.005468737048	0.0885133090369914	5.83129002171831E-9
325.017187486999	0.0923005735468631	9.0745781546489E-9
325.02890623695	0.0923534728036057	1.40391696740323E-8
325.040624986901	0.0855555428531724	2.15929471520585E-8
325.052343736852	0.0792960048434834	3.30172093113935E-8
325.064062486804	0.0767266097390478	5.01913913967484E-8
325.075781236755	0.0720592276992731	7.5854459518144E-8
325.087499986706	0.0625473783175771	1.13972131684468E-7
325.099218736657	0.0629670807474513	1.70249028531945E-7
325.110937486608	0.0616769533570713	2.52837725770987E-7
325.122656236559	0.059443012021623	3.73313165548711E-7
325.13437498651	0.0740243155730333	5.48001785750554E-7
325.146093736461	0.0939236593492643	7.99780881136604E-7
325.157812486412	0.108864193753965	1.1604961116359E-6
325.169531236364	0.122085963000998	1.67418463296111E-6
325.181249986315	0.134352408376803	2.40133905240919E-6
325.192968736266	0.132294750647269	3.42450409720924E-6
325.204687486217	0.125109875152925	4.85556421217521E-6
325.216406236168	0.116699949754592	6.84515652268505E-6
325.228124986119	0.115942459341877	9.59472955738128E-6
325.23984373607	0.113805140807608	1.33718628744709E-5
325.251562486022	0.112481392317131	1.85295644843348E-5
325.263281235973	0.113809167342421	2.55303687394311E-5
325.274999985924	0.113906591839833	3.49761628418098E-5
325.286718735875	0.103524380015533	4.76447693306817E-5
325.298437485826	0.0877511308031387	6.45343971656285E-5
325.310156235777	0.0770566365085672	8.69171356522388E-5
325.321874985728	0.0697998239757274	1.16402691976289E-4
325.333593735679	0.0728268275734931	1.55013551168015E-4
325.345312485631	0.0762936315076643	2.05272652145119E-4
325.357031235582	0.0840094155514059	2.70304509290271E-4
325.368749985533	0.0941330458584087	3.53950449822426E-4
325.380468735484	0.108057223493957	4.60898267787797E-4
325.392187485435	0.113285500469703	5.96826102600408E-4
325.403906235386	0.120882701984724	7.68559723923059E-4
325.415624985337	0.121835798624247	9.84241640665015E-4
325.427343735288	0.125174478906696	0.00125350955209579
325.439062485239	0.123578732687506	0.0015876806342326
325.450781235191	0.12197556559487	0.00199993702544954
325.462499985142	0.118051482470756	0.0025055066736773
325.474218735093	0.124711836574962	0.00312183247759043
325.485937485044	0.122926479466936	0.00386872145179957
325.497656234995	0.106670873480626	0.00476846453850725
325.509374984946	0.0917735902275181	0.0058459167520215
325.521093734897	0.089102726037204	0.00712852666123483
325.532812484849	0.0883961216138247	0.00864630387473722
325.5445312348	0.0900932744009924	0.0104317132775717
325.556249984751	0.107571293184644	0.0125194853539258
325.567968734702	0.127365230268678	0.014946333078514
325.579687484653	0.135000596275701	0.0177505676129358
325.591406234604	0.140036687773865	0.0209716074174757
325.603124984555	0.140670989748052	0.0246493783676181
325.614843734506	0.142664523133824	0.0288236059964801
325.626562484457	0.148564161986734	0.03353300498034
325.638281234409	0.162334318636702	0.0388143753179993
325.64999998436	0.17264665115416	0.0447016191647313
325.661718734311	0.188924457242904	0.0512246967777509
325.673437484262	0.203520451094807	0.0584085443010121
325.685156234213	0.213459316797673	0.066271979940543
325.696874984164	0.226099986220054	0.0748266282368868
325.708593734115	0.233147740207362	0.0840758944228164
325.720312484066	0.234802033664225	0.0940140220852276
325.732031234018	0.23987492663682	0.104625267394285
325.743749983969	0.250749579625722	0.115883221937244
325.75546873392	0.261995427733263	0.127750313676575
325.767187483871	0.276628828845185	0.140177511785298
325.778906233822	0.298833338227624	0.153104256206414
325.790624983773	0.314008765993813	0.166458626910043
325.802343733724	0.318717278935625	0.180157761207843
325.814062483675	0.319800165137234	0.194108520398126
325.825781233627	0.323911827829124	0.208208399752509
325.837499983578	0.329127231861139	0.222346668720954
325.849218733529	0.335896627371066	0.236405721522938
325.86093748348	0.356788096492955	0.250262612277769
325.872656233431	0.383586429430555	0.263790743733718
325.884374983382	0.411706737966118	0.276861674655339
325.896093733333	0.43211403295733	0.289347008128859
325.907812483284	0.447325959305156	0.301120321487064
325.919531233236	0.452442317393642	0.312059098211589
325.931249983187	0.451254113428331	0.322046622955993
325.942968733138	0.452413328613945	0.330973802612136
325.954687483089	0.454058838179792	0.338740878944504
325.96640623304	0.463494598952376	0.345259001551949
325.978124982991	0.473523575261358	0.350451633590903
325.989843732942	0.484772603743233	0.354255766627842
326.001562482893	0.49876235766861	0.356622925027346
326.013281232845	0.505173128110835	0.35751994430665
326.024999982796	0.503065038731155	0.356929511820788
326.036718732747	0.503743411606822	0.354850461948849
326.048437482698	0.506864766309815	0.351297821634319
326.060156232649	0.502534049610202	0.346302605723956
326.0718749826	0.496895896166722	0.339911365102184
326.083593732551	0.496796743241044	0.332185494189195
326.095312482502	0.494309583530089	0.323200308010631
326.107031232454	0.489710049476096	0.313043902783416
326.118749982405	0.476884250038882	0.301815817793218
326.130468732356	0.469752683676223	0.289625520222409
326.142187482307	0.465472247180359	0.276590738439979
326.153906232258	0.454436695600118	0.262835672963342
326.165624982209	0.439811712968518	0.248489117689865
326.17734373216	0.432416326982575	0.23368252689382
326.189062482111	0.428362454296374	0.218548065703864
326.200781232063	0.420413834622797	0.203216683135763
326.212499982014	0.419282877395489	0.187816247096735
326.224218731965	0.413159944035744	0.172469779982289
326.235937481916	0.399628555835681	0.157293831486762
326.247656231867	0.381431709934755	0.142397022039441
326.259374981818	0.361634832851279	0.127878785920814
326.271093731769	0.342442529783964	0.113828337736478
326.28281248172	0.324817545477482	0.100323879720272
326.294531231672	0.301200887373062	0.0874320605459737
326.306249981623	0.278574234364746	0.0752076892301166
326.317968731574	0.262893216008023	0.0636937006105723
326.329687481525	0.251843731359273	0.0529213620937633
326.341406231476	0.238950689721865	0.0429107051701524
326.353124981427	0.232667374627873	0.0336711598631016
326.364843731378	0.228160677215139	0.0252023660129184
326.376562481329	0.222397277601478	0.0174951322593421
326.388281231281	0.208073218960386	0.0105325118581026
326.399999981232	0.197214859664441	0.00429096406618354
326.411718731183	0.195796457175942	-0.00125842929798841
326.423437481134	0.191350338321942	-0.00614872048792308
326.435156231085	0.185754286976782	-0.0104158510208429
326.446874981036	0.186142337109718	-0.0140974270313963
326.458593730987	0.182478741788158	-0.0172315321251931
326.470312480938	0.170844068262042	-0.0198555905720692
326.48203123089	0.169503206328723	-0.0220052892255017
326.493749980841	0.162338170312364	-0.0237135624139981
326.505468730792	0.147497528011673	-0.0250096404702641
326.517187480743	0.150482580957515	-0.025918159760904
326.528906230694	0.163792340561109	-0.0264583302293633
326.540624980645	0.169788450768802	-0.026643155696098
326.552343730596	0.177439264308302	-0.0264787025475535
326.564062480547	0.195881996639785	-0.0259634140068712
326.575781230499	0.201503125568918	-0.0250874698714045
326.58749998045	0.198974923884421	-0.0238321953205186
326.599218730401	0.204528507720566	-0.0221695269755567
326.610937480352	0.209253225426839	-0.0200615496061527
326.622656230303	0.203465745836081	-0.0174601224410089
326.634374980254	0.201105498205673	-0.0143066196245551
326.646093730205	0.211032551089586	-0.0105318145901925
326.657812480156	0.208334123655048	-0.00605594259389659
326.669531230108	0.210666896969727	-7.88978953347983E-4
326.681249980059	0.216983164860327	0.00536882774200421
326.69296873001	0.222976246140084	0.0125261284266652
326.704687479961	0.229318259918145	0.0207993158698604
326.716406229912	0.245316950297524	0.0303110050822982
326.728124979863	0.262220230005191	0.0411881281540921
326.739843729814	0.287807900446501	0.0535596303096682
326.751562479765	0.315457967919895	0.0675537669774253
326.763281229717	0.34471563889568	0.0832950169472402
326.774999979668	0.374434312703427	0.100900643762261
326.786718729619	0.395063325219603	0.120476955735181
326.79843747957	0.411462894211401	0.142115333620331
326.810156229521	0.427837323101324	0.16588811312195
326.821874979472	0.441589306183672	0.191844426109761
326.833593729423	0.462637370879888	0.220006118653522
326.845312479374	0.49568165611571	0.25036387481781
326.857031229326	0.537410634977968	0.282873681709611
326.868749979277	0.581146581491069	0.317453772831983
326.880468729228	0.623016708395177	0.353982182866344
326.892187479179	0.65998224373782	0.392295037342444
326.90390622913	0.695355320217756	0.432185685310134
326.915624979081	0.723139569198744	0.473404762461092
326.927343729032	0.748224891941756	0.515661246827237
326.939062478983	0.768861779670568	0.558624540151944
326.950781228935	0.79038402303527	0.601927576471817
326.962499978886	0.819129199404169	0.64517092671419
326.974218728837	0.853879073961133	0.687927835657499
326.985937478788	0.885695886150617	0.729750096874418
326.997656228739	0.912670048354941	0.77017464365806
327.00937497869	0.936080676841766	0.80873071063025
327.021093728641	0.950097085332985	0.844947402719392
327.032812478592	0.95463612975674	0.878361496148
327.044531228543	0.955021453854533	0.908525290326948
327.056249978495	0.96849795594104	0.935014330109461
327.067968728446	0.979047604962336	0.957434824373781
327.079687478397	0.991495634567945	0.97543059874362
327.091406228348	1	0.988689436545076
327.103124978299	0.999653232215498	0.996948681795631
327.11484372825	0.981974787330933	1
327.126562478201	0.968625286253468	0.997693215663744
327.138281228153	0.946137661037446	0.989939168684353
327.149999978104	0.921548868511751	0.976711554245678
327.161718728055	0.898536632977095	0.958047731829481
327.173437478006	0.884715679266287	0.934048508003407
327.185156227957	0.855532305953447	0.904876914521473
327.196874977908	0.823233831704129	0.870756017978597
327.208593727859	0.791160255354111	0.831965809981259
327.22031247781	0.766130299474438	0.788839237855448
327.232031227761	0.717151670524238	0.741757445710535
327.243749977713	0.672890899728206	0.691144304624388
327.255468727664	0.634968463532464	0.637460319167961
327.267187477615	0.591120687060599	0.581196005698452
327.278906227566	0.538406178393302	0.522864845921671
327.290624977517	0.492103304382362	0.462995927090467
327.302343727468	0.442661552350645	0.402126387627011
327.314062477419	0.385088188933728	0.340793793536657
327.32578122737	0.323173160212378	0.27952857620198
327.337499977322	0.262903899485421	0.218846665417559
327.349218727273	0.21032493534329	0.159242452243878
327.360937477224	0.155006002989642	0.101182213866761
327.372656227175	0.0905044212567663	0.0450981266994262
327.384374977126	0.0325896976613855	-0.00861701582727297
327.396093727077	-0.0309497451124043	-0.0596142780566462
327.407812477028	-0.0970914913229902	-0.107592164244327
327.41953122698	-0.155971685698187	-0.152299243698227
327.431249976931	-0.193498695351795	-0.193535778258962
327.442968726882	-0.232975425918242	-0.2311543371346
327.454687476833	-0.263875747031989	-0.265059410818782
327.466406226784	-0.292353985921171	-0.295206062527614
327.478124976735	-0.315084682604113	-0.321597681203439
327.489843726686	-0.349510524389754	-0.344282923596066
327.501562476637	-0.377136271511159	-0.36335195327636
327.513281226588	-0.403128820689108	-0.378932100838931
327.52499997654	-0.417137113592801	-0.39118308137345
327.536718726491	-0.429835698056675	-0.400291912110957
327.548437476442	-0.43271934443454	-0.406467674803719
327.560156226393	-0.43218848034939	-0.409936263937704
327.571874976344	-0.42964671100708	-0.410935253601086
327.583593726295	-0.432950166796969	-0.409709003246567
327.595312476246	-0.4410444779043	-0.40650410637485
327.607031226197	-0.45065370731916	-0.401565267155872
327.618749976149	-0.453204323070388	-0.395131669112594
327.6304687261	-0.451674367105325	-0.387433878186033
327.642187476051	-0.443904819590708	-0.378691300746222
327.653906226002	-0.43342317000159	-0.369110196332765
327.665624975953	-0.424451743881698	-0.358882225934451
327.677343725904	-0.416729144750099	-0.348183500160237
327.689062475855	-0.404598092453064	-0.337174078272162
327.700781225806	-0.39164468622122	-0.325997859128908
327.712499975758	-0.369304480867218	-0.314782798825702
327.724218725709	-0.342353792854404	-0.303641387221458
327.73593747566	-0.32099708040144	-0.29267131644381
327.747656225611	-0.29895477011001	-0.281956278514967
327.759374975562	-0.282900953242185	-0.271566835959098
327.771093725513	-0.276121562270067	-0.261561318033902
327.782812475464	-0.276320064032068	-0.251986705396043
327.794531225415	-0.275940343450958	-0.242879476845471
327.806249975367	-0.269496557694224	-0.234266402585261
327.817968725318	-0.252096988144132	-0.226165278515466
327.829687475269	-0.240774811052586	-0.21858560486933
327.84140622522	-0.226018586912833	-0.211529219532772
327.853124975171	-0.208429557920302	-0.204990901338909
327.864843725122	-0.19752476709843	-0.19895896133097
327.876562475073	-0.193903639285885	-0.193415840432888
327.888281225024	-0.185934636866637	-0.188338730306327
327.899999974976	-0.179336072892339	-0.18370023069414
327.911718724927	-0.18383050314693	-0.179469051655288
327.923437474878	-0.193097312258548	-0.175610763268177
327.935156224829	-0.206163154234744	-0.172088589145296
327.94687497478	-0.221372265618933	-0.168864233993504
327.958593724731	-0.226366923322265	-0.165898729969196
327.970312474682	-0.230679012115068	-0.163153282145918
327.982031224633	-0.23984904697911	-0.160590090367069
327.993749974585	-0.246334543012875	-0.158173123315679
328.005468724536	-0.253962399217957	-0.155868820887105
328.017187474487	-0.273254959799977	-0.153646702861603
328.028906224438	-0.287114229449185	-0.151479865286069
328.040624974389	-0.296357110030104	-0.149345350629611
328.05234372434	-0.305553799459989	-0.147224383340118
328.064062474291	-0.318694153063427	-0.145102468512551
328.075781224242	-0.333619605346345	-0.142969357579024
328.087499974194	-0.34938376777493	-0.140818890850519
328.099218724145	-0.362259544523099	-0.138648732022824
328.110937474096	-0.377963431285743	-0.136460014107411
328.122656224047	-0.387634299384115	-0.134256919440395
328.134374973998	-0.388132210672657	-0.132046218324888
328.146093723949	-0.385546067536075	-0.129836791427782
328.1578124739	-0.382720336199701	-0.12763916032012
328.169531223851	-0.382674403477213	-0.125465048633881
328.181249973803	-0.385360260860814	-0.123326993380986
328.192968723754	-0.389594506205644	-0.121238022259162
328.204687473705	-0.393264159383077	-0.119211408495121
328.216406223656	-0.402825834629331	-0.117260510195845
328.228124973607	-0.412536684576467	-0.115398696531099
328.239843723558	-0.423537403485436	-0.113639358569077
328.251562473509	-0.435857220510828	-0.111995998413553
328.26328122346	-0.443634402863189	-0.110482386587987
328.274999973412	-0.448588775824964	-0.10911277448217
328.286718723363	-0.446658547033069	-0.107902146184311
328.298437473314	-0.437755120345356	-0.106866492196211
328.310156223265	-0.424308756091819	-0.106023086374336
328.321874973216	-0.416766832511643	-0.105390746938384
328.333593723167	-0.410078612270419	-0.104990062512164
328.345312473118	-0.408806569519164	-0.104843564874052
328.357031223069	-0.410229969738758	-0.104975831359759
328.368749973021	-0.424319892250344	-0.105413501644022
328.380468722972	-0.440829019504954	-0.106185195897884
328.392187472923	-0.454793847292755	-0.107321324042614
328.403906222874	-0.470742017093493	-0.108853778966051
328.415624972825	-0.482416975361166	-0.110815510090445
328.427343722776	-0.476309249159007	-0.113239977529401
328.439062472727	-0.470889392491266	-0.11616049117461
328.450781222678	-0.472626135305909	-0.119609443319858
328.46249997263	-0.471348640484368	-0.123617447746952
328.474218722581	-0.472878961860127	-0.12821240243044
328.485937472532	-0.483540743732982	-0.133418497011185
328.497656222483	-0.48769472248749	-0.139255189775407
328.509374972434	-0.492413141962998	-0.145736181882989
328.521093722385	-0.500691914781672	-0.152868418848561
328.532812472336	-0.511178776066185	-0.160651150638936
328.544531222287	-0.524748631651043	-0.169075082085988
328.556249972239	-0.534558830434502	-0.178121644538352
328.56796872219	-0.544644358767404	-0.187762417749167
328.579687472141	-0.555464856464142	-0.197958727934759
328.591406222092	-0.558109520427803	-0.208661443812655
328.603124972043	-0.55769360415785	-0.219810987364427
328.614843721994	-0.562856064468875	-0.231337570249729
328.626562471945	-0.562796198677878	-0.243161660445678
328.638281221896	-0.557013324996926	-0.255194677054874
328.649999971848	-0.557126259544717	-0.267339904587363
328.661718721799	-0.558461972300544	-0.279493611648613
328.67343747175	-0.563676075832889	-0.291546353113631
328.685156221701	-0.567130826573215	-0.303384429761923
328.696874971652	-0.569151682828318	-0.314891475170451
328.708593721603	-0.568270826120085	-0.325950136538751
328.720312471554	-0.569905342616865	-0.336443814119429
328.732031221505	-0.568084609569881	-0.34625842305383
328.743749971457	-0.569469542404679	-0.35528414161528
328.755468721408	-0.564943068031861	-0.36341711103837
328.767187471359	-0.556513517119842	-0.370561054121469
328.77890622131	-0.550952815303046	-0.376628782464261
328.790624971261	-0.544110271183448	-0.381543565365724
328.802343721212	-0.528249851364379	-0.385240336888148
328.814062471163	-0.520434567037917	-0.387666721234684
328.825781221114	-0.517557949712208	-0.388783860265465
328.837499971066	-0.509779618306574	-0.388567030600041
328.849218721017	-0.500596621570306	-0.387006041269901
328.860937470968	-0.497625956032162	-0.384105406280106
328.872656220919	-0.492081610426224	-0.379884289730864
328.88437497087	-0.488496223963332	-0.374376224379395
328.896093720821	-0.483653378067529	-0.367628607742119
328.907812470772	-0.481074655804391	-0.359701983099101
328.919531220723	-0.473893780434267	-0.350669116105688
328.931249970674	-0.464793624877067	-0.340613881155016
328.942968720626	-0.453844308814526	-0.329629975151688
328.954687470577	-0.436323733593364	-0.317819479896109
328.966406220528	-0.424263558210047	-0.3052912977474
328.978124970479	-0.416810382218415	-0.292159488502424
328.98984372043	-0.406857129107851	-0.278541538344819
329.001562470381	-0.395444387070998	-0.264556594110522
329.013281220332	-0.385221559374069	-0.250323697813099
329.024999970284	-0.366736724944266	-0.235960057213896
329.036718720235	-0.347346089615	-0.221579388077318
329.048437470186	-0.331774175181899	-0.207290362530024
329.060156220137	-0.318577394590344	-0.193195195606262
329.071874970088	-0.312854342236142	-0.17938839863036
329.083593720039	-0.309225339210962	-0.165955723643489
329.09531246999	-0.303818961272539	-0.152973317766682
329.107031219941	-0.296992319024609	-0.140507100400082
329.118749969892	-0.288870204298162	-0.128612369726179
329.130468719844	-0.27690453146647	-0.11733363837758
329.142187469795	-0.266085610751602	-0.106704691625621
329.153906219746	-0.260560195945269	-0.096748855318412
329.165624969697	-0.251871671694663	-0.087479455299246
329.177343719648	-0.245770457687567	-0.0789004453865749
329.189062469599	-0.243315012791453	-0.0710071773658483
329.20078121955	-0.242534262151526	-0.0637872839463848
329.212499969501	-0.234593277315693	-0.0572216443273743
329.224218719453	-0.232943375804337	-0.0512854018892834
329.235937469404	-0.227907890091761	-0.0459490045155081
329.247656219355	-0.218889818481645	-0.0411792400381222
329.259374969306	-0.212008504084458	-0.036940242133175
329.271093719257	-0.210800523159064	-0.0331944454771383
329.282812469208	-0.209904824703941	-0.0299034729105842
329.294531219159	-0.210410308312325	-0.0270289415263568
329.30624996911	-0.207207626894232	-0.0245331788018358
329.317968719062	-0.192156385173446	-0.0223798439392502
329.329687469013	-0.176353514985174	-0.0205344533000031
329.341406218964	-0.174357558457053	-0.0189648120850021
329.353124968915	-0.172198797052336	-0.0176413571238535
329.364843718866	-0.17674850524177	-0.016537417728189
329.376562468817	-0.189589600765065	-0.0156294030101745
329.388281218768	-0.199182019629876	-0.0148969248710673
329.399999968719	-0.207819871855444	-0.0143228660602837
329.411718718671	-0.215521179562991	-0.0138934023511297
329.423437468622	-0.217806006887776	-0.0135979870529307
329.435156218573	-0.219460817201731	-0.0134293048729964
329.446874968524	-0.221780174304994	-0.0133832006572654
329.458593718475	-0.215406356783597	-0.0134585868820195
329.470312468426	-0.206499295382361	-0.0136573320477769
329.482031218377	-0.206963585570806	-0.0139841304444165
329.493749968328	-0.214204496231978	-0.0144463522115146
329.50546871828	-0.224371048387186	-0.0150538712984592
329.517187468231	-0.223309667573927	-0.0158188679121828
329.528906218182	-0.223886785328014	-0.0167556013893351
329.540624968133	-0.222903702301918	-0.0178801491912973
329.552343718084	-0.214855341970729	-0.019210107923508
329.564062468035	-0.203102602772984	-0.0207642529342326
329.575781217986	-0.196310944642723	-0.0225621541404194
329.587499967937	-0.196130981859036	-0.0246237472261694
329.599218717889	-0.193713095669336	-0.0269688612076345
329.61093746784	-0.198048052868061	-0.0296167054812303
329.622656217791	-0.207487207979276	-0.0325853217757589
329.634374967742	-0.221608934234198	-0.0358910088039309
329.646093717693	-0.241362497648179	-0.0395477297343997
329.657812467644	-0.260505429190127	-0.0435665147558448
329.669531217595	-0.271723322232156	-0.0479548728547195
329.681249967546	-0.272229108733334	-0.052716228360506
329.692968717498	-0.275624341039704	-0.0578493987238374
329.704687467449	-0.274779982913108	-0.0633481303021458
329.7164062174	-0.26924760157252	-0.0692007085802036
329.728124967351	-0.265322672287926	-0.0753896582263917
329.739843717302	-0.276420013998076	-0.0818915466916377
329.751562467253	-0.289043783941913	-0.0886769027437165
329.763281217204	-0.291326339570746	-0.0957102584758355
329.774999967155	-0.300478200867167	-0.102950320045691
329.786718717107	-0.320451361556558	-0.110350268824136
329.798437467058	-0.341590356608776	-0.11785819091221
329.810156217009	-0.350188378431976	-0.125417629279889
329.82187496696	-0.358491988459731	-0.132968249245883
329.833593716911	-0.366970670522227	-0.140446604800057
329.845312466862	-0.360422235305281	-0.147786990493375
329.857031216813	-0.346277097376752	-0.15492236138246
329.868749966764	-0.341840127824463	-0.16178530188253
329.880468716716	-0.34010541633088	-0.168309023384466
329.892187466667	-0.346276509644818	-0.174428370125234
329.903906216618	-0.35453771468146	-0.180080813029905
329.915624966569	-0.359205096721235	-0.18520741200507
329.92734371652	-0.35608192466148	-0.189753728374083
329.939062466471	-0.359395830252751	-0.193670670708778
329.950781216422	-0.353757436434379	-0.196915259130655
329.962499966373	-0.342686357468783	-0.199451295132258
329.974218716325	-0.341092036785066	-0.20124992602352
329.985937466276	-0.339986282177534	-0.202290095172523
329.997656216227	-0.333933531017425	-0.202558871240429
330.009374966178	-0.31607780492007	-0.202051651583102
330.021093716129	-0.306329610230818	-0.200772236904341
330.03281246608	-0.290533403684007	-0.198732776111487
330.044531216031	-0.276091885156874	-0.195953582168637
330.056249965982	-0.260106976399607	-0.192462821595523
330.067968715934	-0.260920653425548	-0.188296082148366
330.079687465885	-0.258440219873956	-0.183495825160664
330.091406215836	-0.247937973574868	-0.178110731019238
330.103124965787	-0.235442238354257	-0.172194948287115
330.114843715738	-0.226365102649376	-0.165807259021386
330.126562465689	-0.214748059423194	-0.159010174811377
330.13828121564	-0.19840906899013	-0.151868979902121
330.149999965591	-0.191579397814263	-0.144450739378481
330.161718715543	-0.180811665981526	-0.136823291668182
330.173437465494	-0.167515536553647	-0.129054245480355
330.185156215445	-0.152827766185263	-0.121210001643031
330.196874965396	-0.148841652556348	-0.113354820069222
330.208593715347	-0.137106632587033	-0.105549951223382
330.220312465298	-0.129632556992638	-0.0978528499650027
330.232031215249	-0.124166963513054	-0.0903164875354998
330.2437499652	-0.121203264509165	-0.0829887747841689
330.255468715152	-0.112701170773062	-0.0759121065881774
330.267187465103	-0.114123510867878	-0.0691230339277227
330.278906215054	-0.115958390947669	-0.0626520663703395
330.290624965005	-0.106434639818525	-0.056523603951167
330.302343714956	-0.0901406289653209	-0.0507559937666606
330.314062464907	-0.0735270662147971	-0.045361703180726
330.325781214858	-0.0609699952034678	-0.0403475985134306
330.337499964809	-0.0552077182324859	-0.0357153155603302
330.349218714761	-0.0538959965252604	-0.0314617063636995
330.360937464712	-0.0593378754384434	-0.0275793453818323
330.372656214663	-0.0662963385695206	-0.0240570776008608
330.384374964614	-0.0626244762140364	-0.0208805911928315
330.396093714565	-0.0535456745987903	-0.0180329980001742
330.407812464516	-0.053837921680432	-0.0154954063488427
330.419531214467	-0.0548686213930356	-0.0132474723676108
330.431249964418	-0.0578922042415757	-0.0112679180115968
330.44296871437	-0.0671600734779722	-0.00953500623878152
330.454687464321	-0.0644773075402098	-0.00802696615301807
330.466406214272	-0.0544472711064502	-0.00672236329533429
330.478124964223	-0.0542574643069698	-0.00560041253795148
330.489843714174	-0.0597780953465064	-0.00464123312826172
330.501562464125	-0.0620359652126546	-0.00382604727723505
330.513281214076	-0.0729234022167923	-0.00313732524197528
330.524999964027	-0.0765423208512863	-0.00255888108884782
330.536718713979	-0.0651267013328938	-0.00207592423366362
330.54843746393	-0.0449733819491726	-0.00167507244731254
330.560156213881	-0.0259896830881991	-0.00134433231132487
330.571874963832	-0.01864161089597	-0.00107305314088277
330.583593713783	-0.0267447058943174	-8.51860203160816E-4
330.595312463734	-0.0362776063251732	-6.72572690631082E-4
330.607031213685	-0.0464961045944957	-5.28111407593073E-4
330.618749963636	-0.0474715263722549	-4.12400537449815E-4
330.630468713588	-0.0418878047031402	-3.20267218550109E-4
330.642187463539	-0.0363402787228688	-2.47342003125366E-4
330.65390621349	-0.0374394322068413	-1.89962636375743E-4
330.665624963441	-0.0349550610489313	-1.45082994285764E-4
330.677343713392	-0.0375797340882111	-1.10188475989866E-4
330.689062463343	-0.0432357582065172	-8.32186703737024E-5
330.700781213294	-0.0453648986353566	-6.24977126308943E-5
330.712499963245	-0.0462323391321733	-4.66724157133297E-5
330.724218713197	-0.0587051170183677	-3.46580015726195E-5
330.735937463148	-0.0685203135329218	-2.55910624787561E-5
330.747656213099	-0.0671378663583749	-1.87892465587233E-5
330.75937496305	-0.0667978247332354	-1.37170758763412E-5
330.771093713001	-0.0691224824603873	-9.957261397922E-6
330.782812462952	-0.0629708368031456	-7.18686869559906E-6
330.794531212903	-0.0555240215601809	-5.15770335579423E-6
330.806249962854	-0.0585598715668646	-3.68031875464782E-6
330.817968712805	-0.0663146398524941	-2.61109496897133E-6
330.829687462757	-0.0669906521037128	-1.84189107647969E-6
330.841406212708	-0.0650567885982938	-1.29182977587993E-6
330.853124962659	-0.0622492308295404	-9.00830070207857E-7
330.86484371261	-0.063687321349627	-6.24558315685129E-7
330.876562462561	-0.0552750353268465	-4.30518757575298E-7
330.888281212512	-0.0334040109102358	-2.9505071508164E-7
330.899999962463	-0.0193083959534715	-2.01040446758271E-7
330.911718712415	-0.0169753197459985	-1.36191236121547E-7
330.923437462366	-0.00416563614475035	-9.17256337702347E-8
330.935156212317	0.00600206506373127	-6.14193342287173E-8
330.946874962268	0.00205344762332995	-4.0887391239198E-8
330.958593712219	-0.00856910963274528	-2.70608100858416E-8
330.97031246217	-0.0144719913778906	-1.78055976974696E-8
330.982031212121	-0.0324110755114058	-1.16475355735117E-8
330.993749962072	-0.0458426605359553	-7.57479215282592E-9
331.005468712023	-0.0500932620916433	-4.8973833263088E-9
331.017187461975	-0.0517657916340288	-3.14783385728909E-9
331.028906211926	-0.0522576450666975	-2.01146032624348E-9
331.040624961877	-0.0447257169487123	-1.27779419839407E-9
331.052343711828	-0.0407970015041979	-8.06970910199375E-10
331.064062461779	-0.0430242791981857	-5.06640989671487E-10
331.07578121173	-0.0496922681401355	-3.16217649926144E-10
331.087499961681	-0.0550349496633924	-1.96206532648563E-10
331.099218711632	-0.0572981201534298	-1.21026548961433E-10
331.110937461584	-0.0584428590028492	-7.42139518346048E-11
331.122656211535	-0.0620307311259923	-4.52403006890363E-11
331.134374961486	-0.0552160531434121	-2.74156491266409E-11
331.146093711437	-0.0438567716846418	-1.65160687158168E-11
331.157812461388	-0.0399091254405231	-9.89109532462052E-12
331.169531211339	-0.0460385709953319	-5.88872100101017E-12
331.18124996129	-0.0436258339831242	-3.48517428581257E-12
331.192968711241	-0.0342297521665111	-2.05063094921033E-12
331.204687461193	-0.0361960877187541	-1.19937922453037E-12
331.216406211144	-0.0380876087509613	-6.97554350058725E-13
331.228124961095	-0.0268343397699747	-4.03077928169875E-13
331.239843711046	-0.0256246929342151	-2.31585211639924E-13
331.251562460997	-0.0387650465376531	-1.32333879588757E-13
331.263281210948	-0.0428602640901896	-7.50800201982049E-14
331.274999960899	-0.0384161765572496	-4.23251977225588E-14
331.28671871085	-0.0368635036326613	-2.3697325650679E-14
331.298437460802	-0.0294615165231595	-1.30735916860332E-14
331.310156210753	-0.0162926020686215	-7.24641850269242E-15
331.321874960704	-0.0111008236745129	-3.9391102511327E-15
331.333593710655	-0.0114966600915889	-2.30362867339782E-15
331.345312460606	-0.0143042803782441	-1.02357093188396E-15
331.357031210557	-0.0199310753419612	-8.77880154440563E-16
331.368749960508	-0.026760506142936	-1.86405158151497E-16
331.380468710459	-0.0309184225037617	-8.47016990751815E-17
331.392187460411	-0.0360248476479577	1.62151088832718E-16
331.403906210362	-0.0386271066205062	4.42202899055713E-17
331.415624960313	-0.0378649838873906	1.15209581549846E-16
331.427343710264	-0.0407560511387011	1.34102013330096E-16
331.439062460215	-0.0427108767647849	3.22881052809098E-17
331.450781210166	-0.0399049849063966	1.2583797100515E-16
331.462499960117	-0.0431355949794086	-7.4940387688972E-17
331.474218710068	-0.0418119090068332	1.1945867010796E-16
331.48593746002	-0.0404762587689079	1.03070686187737E-16
331.497656209971	-0.0422729743566971	1.54549215762313E-16
331.509374959922	-0.0434782917648501	-4.37298726656096E-19
331.521093709873	-0.0410084594610361	-1.78350578849644E-17
331.532812459824	-0.0573879485999564	5.67557660512476E-17
331.544531209775	-0.0617488031325394	1.96117650584007E-16
331.556249959726	-0.0593615091149999	1.62858898975243E-16
331.567968709677	-0.0614948900429506	5.44121751506481E-17
331.579687459629	-0.0635928325140423	1.28407226950063E-16
331.59140620958	-0.0557387779099914	-4.89106497724856E-17
331.603124959531	-0.0452739388709218	1.02369756759323E-16
331.614843709482	-0.0473789993226647	2.03746620730785E-17
331.626562459433	-0.047583256047746	-1.39819144972746E-16
331.638281209384	-0.0494525144596186	-2.09712302547861E-16
331.649999959335	-0.0479080196404594	-5.94465656771773E-17
331.661718709286	-0.054588124294156	-1.79561290320139E-16
331.673437459238	-0.0514646493416072	-2.07584317911749E-17
331.685156209189	-0.0495510796533639	6.90274556488433E-18
331.69687495914	-0.0451963454945559	-9.77149790005671E-17
331.708593709091	-0.0436685097790485	1.16224492622863E-16
331.720312459042	-0.0484485679380676	4.32486932149661E-17
331.732031208993	-0.0508625790393515	3.26673207904687E-17
331.743749958944	-0.0546078039688049	8.42211430098274E-17
331.755468708895	-0.0634305722449068	3.99398464703752E-18
331.767187458847	-0.0694576400354558	-4.84904616709059E-18
331.778906208798	-0.0704089818361184	6.58293848545842E-17
331.790624958749	-0.0692517354536633	8.24843333886028E-17
331.8023437087	-0.0619233512930227	1.68872221208416E-16
331.814062458651	-0.0521910584754384	1.60010817713815E-16
331.825781208602	-0.0529912567720608	2.2149527802578E-16
331.837499958553	-0.0461485612060664	1.97515479814978E-16
331.849218708504	-0.0441619943545492	1.64559274928168E-16
331.860937458456	-0.0459532578720524	2.04624936117309E-16
331.872656208407	-0.0542989699981276	1.5122015265546E-16
331.884374958358	-0.0497883974969775	7.8446509776474E-17
331.896093708309	-0.0506048005580612	1.65367901043808E-16
331.90781245826	-0.0600936300874383	1.48872220436359E-16
331.919531208211	-0.0670021159075604	1.86071796419959E-16
331.931249958162	-0.0688892449942593	-8.72458574718331E-17
331.942968708113	-0.0724375896078288	2.92748257415525E-17
331.954687458065	-0.0780919478157698	1.41018946103273E-17
331.966406208016	-0.08063241665841	7.51528158877438E-17
331.978124957967	-0.0845262105031575	2.12897873969295E-16
331.989843707918	-0.0831539102371984	4.97660800288964E-17
332.001562457869	-0.0836490954905975	1.38768651791571E-16
332.01328120782	-0.078097026118421	7.75892775971696E-17
332.024999957771	-0.0666365784665657	7.80611510255199E-17
332.036718707722	-0.0566945323893665	-2.36188988499465E-17
332.048437457674	-0.0484476258319286	-3.53520056968599E-17
332.060156207625	-0.0475033130834219	-1.1519359241866E-16
332.071874957576	-0.0444763094856562	-1.92072649849939E-17
332.083593707527	-0.0448176251998721	5.42540704768648E-17
332.095312457478	-0.0464265472555873	-4.32870276087686E-17
332.107031207429	-0.0492031210308915	-1.62407781776652E-16
332.11874995738	-0.0463849620143597	-3.08825437756861E-17
332.130468707331	-0.0536078505543088	-6.63740115321082E-17
332.142187457283	-0.0562403988062239	-1.28600411527848E-18
332.153906207234	-0.0586647082624926	1.32229558385131E-17
332.165624957185	-0.0600140511940345	7.68923930794299E-18
332.177343707136	-0.0593070549493665	-4.5022346999745E-17
332.189062457087	-0.0545874864205858	-1.21430777773253E-16
332.200781207038	-0.0487257091668841	-2.19294327250457E-17
332.212499956989	-0.0384547215157618	-1.59766198362636E-16
332.22421870694	-0.0355805273324015	4.79477357188841E-17
332.235937456891	-0.0406492423237859	-1.25360007283564E-18
332.247656206843	-0.0405516663799773	1.36742859271396E-17
332.259374956794	-0.0389529537507517	-1.53531339513617E-16
332.271093706745	-0.0434217895642772	-1.81417330353847E-17
332.282812456696	-0.0444783866107394	3.08485507003856E-17
332.294531206647	-0.0365083240667137	-2.79500614524005E-17
332.306249956598	-0.0393519885958153	-6.86851983902645E-17
332.317968706549	-0.0430389066624877	1.26783519784743E-16
332.329687456501	-0.0503167702444875	3.22144016689845E-17
332.341406206452	-0.0516533916786954	8.21105236477233E-17
332.353124956403	-0.0544878179775901	-1.89408249538785E-17
332.364843706354	-0.0555527445758781	-1.54078292696714E-16
332.376562456305	-0.0478783053984721	-4.58293840825272E-17
332.388281206256	-0.03249827355016	-5.92720746139938E-17
332.399999956207	-0.02264906411422	4.18725705765055E-17
332.411718706158	-0.0176684019972977	-9.93516173150898E-19
332.423437456109	-0.0126610853145326	2.01187438850515E-16
332.435156206061	-0.0229338013939217	1.42152464203483E-16
332.446874956012	-0.0361833478494769	9.38537885890165E-17
332.458593705963	-0.0513491455641708	1.04572608260148E-17
332.470312455914	-0.0594817726099007	-8.96827449613299E-17
332.482031205865	-0.0565781978255546	7.03340031038452E-17
332.493749955816	-0.0496026837695369	1.80571761272044E-18
332.505468705767	-0.0419018929190818	-5.29587909089268E-19
332.517187455718	-0.0353905620693598	8.9304905594593E-17
332.52890620567	-0.0391498715137189	1.15968962931715E-16
332.540624955621	-0.0449219035719997	6.74781895681645E-18
332.552343705572	-0.0557831403494851	-2.16448899472065E-17
332.564062455523	-0.0670189040663406	1.78010648096638E-17
332.575781205474	-0.074347350744883	-7.12722453892563E-17
332.587499955425	-0.0624057578902865	-1.08195961232021E-16
332.599218705376	-0.0571400736545228	-1.48733495849513E-17
332.610937455328	-0.0462675409151765	-6.5966946188644E-17
332.622656205279	-0.0357549962611042	-1.72253281334684E-16
332.63437495523	-0.027715268374535	5.52503389356602E-18
332.646093705181	-0.025192581278226	-1.30540404464819E-16
332.657812455132	-0.022593262305119	-1.42593522622248E-16
332.669531205083	-0.0256987776543463	-1.14752533999895E-16
332.681249955034	-0.0314914064225966	8.9070132133205E-17
332.692968704985	-0.0399602444692978	-6.78283919910315E-17
332.704687454936	-0.045250676985647	5.14801186074337E-17
332.716406204888	-0.0462504816332965	-6.63194751170843E-17
332.728124954839	-0.0482557389095258	-2.58720590227746E-17
332.73984370479	-0.0422976417474378	-7.91764522915801E-17
332.751562454741	-0.0323531725278892	-6.90495880214245E-17
332.763281204692	-0.0346773759158507	-1.57296906830696E-16
332.774999954643	-0.0430061260454805	-8.64641308273472E-17
332.786718704594	-0.0420693856168156	-1.71940250052833E-16
332.798437454545	-0.0458604988045097	3.10904177659203E-17
332.810156204497	-0.0428288003684421	-2.930405171828E-17
332.821874954448	-0.0327693833336967	-5.87171762666082E-17
332.833593704399	-0.0237166304987059	6.32178789774379E-17
332.84531245435	-0.0211834936010154	-3.85725205563448E-17
332.857031204301	-0.0178913073623937	3.55404996001573E-17
332.868749954252	-0.0181414523457156	6.46627252392152E-17
332.880468704203	-0.020351768043258	-8.0741494613409E-17
332.892187454154	-0.0146914144973454	-1.61419884262216E-17
332.903906204106	-0.0147590665724825	3.39272199510219E-17
332.915624954057	-0.00888895976695501	-1.42947868758398E-17
332.927343704008	-7.21714014251706E-4	1.16742801455626E-16
332.939062453959	0.00348036217654783	-3.91890489229009E-18
332.95078120391	-0.00361849176439431	8.27025360924116E-17
332.962499953861	-3.59320840282302E-4	-1.75489260742674E-17
332.974218703812	0.00124681266238824	1.60755913084783E-17
332.985937453763	-0.00222399139600227	-1.21844936720864E-16
332.997656203715	-0.00441265025879748	-6.44840772257088E-17
333.009374953666	-0.00596326545173162	7.07521916773131E-17
333.021093703617	0.00267558438071226	1.75347388659746E-17
333.032812453568	0.00504107011710772	-4.66187136290226E-18
333.044531203519	0.00718241518618908	-3.87021367261163E-17
333.05624995347	0.00425106319332074	4.44596175754971E-17
333.067968703421	0.00765562265839317	3.04802455307949E-17
333.079687453372	-0.00563950916260902	-3.71812450620232E-18
333.091406203324	-0.0118504328789143	9.73482628638343E-17
333.103124953275	-0.0143419845353772	3.23893154552757E-16
333.114843703226	-0.00922411198292337	2.13692681612999E-16
333.126562453177	-0.0100521764165632	1.89228354754699E-16
333.138281203128	-0.00565746040899101	7.0307160676404E-17
333.149999953079	-0.00243690831607166	8.99475389158744E-17
333.16171870303	-0.00696087061804474	-6.1652836655609E-19
333.173437452981	-0.0138552719232612	2.75145076049245E-18
333.185156202933	-0.00565425362406397	-7.76604418134862E-17
333.196874952884	7.28953573936608E-4	1.49705617122798E-18
333.208593702835	8.94399043548598E-5	9.2961400081625E-17
333.220312452786	0.00106949400251424	1.37193451887307E-17
333.232031202737	0.00882207952068652	1.06747936904528E-16
333.243749952688	0.00344517111174518	3.42011166182702E-16
333.255468702639	-0.00632686317971121	1.00164521709212E-16
333.26718745259	-0.00578130879406809	3.38418685264127E-17
333.278906202542	0.00414347239389204	7.08549083759305E-17
333.290624952493	0.00813685544985453	-3.44370590368165E-17
333.302343702444	0.0142969821053189	5.96246035424341E-17
333.314062452395	0.0266953372927662	-3.25922410357212E-17
333.325781202346	0.0274627606497709	-3.34269150623733E-17
333.337499952297	0.0191002379736471	2.75603613829444E-17
333.349218702248	0.0120191032611345	1.64034454117651E-16
333.360937452199	0.00903201899423129	1.49459097046116E-16
333.372656202151	0.00603599938991487	6.89136157202223E-17
333.384374952102	0.00298349027957945	1.03450099302515E-17
333.396093702053	0.00567625167953282	-4.94993283051361E-17
333.407812452004	0.0021104907303275	3.73394638232327E-17
333.419531201955	-3.63796036896308E-4	2.15342280843009E-17
333.431249951906	-0.00828500391264627	-5.89969519458743E-18
333.442968701857	-0.00369401337477743	-4.64577731518027E-17
333.454687451808	-0.00392992239679697	-1.7528382734544E-17
333.46640620176	-0.00845751941229405	-5.15670590649004E-17
333.478124951711	-0.0159337777741462	1.16697742194035E-17
333.489843701662	-0.0173371870693578	-1.00889328389387E-16
333.501562451613	-0.0181937234256025	-4.31569856589263E-18
333.513281201564	-0.015054346601386	6.22693650221653E-17
333.524999951515	-0.00607837708959	1.67607186212932E-16
333.536718701466	0.00823047439391631	-7.46821057121806E-17
333.548437451417	0.0257124307838854	-2.59232339542807E-19
333.560156201369	0.0303605166133606	4.68561558582627E-17
333.57187495132	0.022693284345101	-5.33692013536911E-17
333.583593701271	0.0136818138585441	9.86445386489743E-18
333.595312451222	0.0129485548693222	2.6950189147819E-17
333.607031201173	0.0188280513514535	1.06042879047647E-16
333.618749951124	0.0243425620172152	1.77058980648977E-19
333.630468701075	0.0308169399461097	4.81777420816996E-17
333.642187451026	0.03822044151958	9.05379623277051E-17
333.653906200978	0.0380719170685336	1.49737397779951E-17
333.665624950929	0.0213710586755318	7.49508722488696E-17
333.67734370088	0.0154313754559558	1.55188089391486E-16
333.689062450831	0.0180447789439683	7.41604629673798E-17
333.700781200782	0.0216383435122894	1.14408687708459E-16
333.712499950733	0.0171313432067617	2.10504939532315E-17
333.724218700684	0.0178875595304007	5.29329100334993E-17
333.735937450635	0.0122062438638234	-2.95933615946923E-17
333.747656200587	0.00871787202340016	2.95933615946923E-17
333.759374950538	0.00968459883863822	1.00838707512795E-16
333.771093700489	0.0130366064040094	-7.92951734061999E-18
333.78281245044	0.0157208868057401	-2.76584250704149E-17
333.794531200391	0.0138255796136121	1.04778041657382E-17
333.806249950342	0.0173808282435342	7.82073949965835E-17
333.817968700293	0.0125467037208454	1.01192825474093E-16
333.829687450244	0.0116148985053744	8.4107090191171E-17
333.841406200196	0.00750680800910702	1.12378865562427E-16
333.853124950147	0.00657394266885809	1.08414106892117E-16
333.864843700098	0.00123686466228406	7.952898122002E-17
333.876562450049	-9.91927495672893E-4	4.27143382073038E-17
333.8882812	0.00257967734510323	1.93229433005884E-16
