0	0.335212210501639
0.01220703125	0.339315020499909
0.0244140625	0.333995415167925
0.03662109375	0.306497371420134
0.048828125	0.24763163346478
0.06103515625	0.167760656169964
0.0732421875	0.133250215162003
0.08544921875	0.287172797818304
0.09765625	0.493195257505497
0.10986328125	0.684444096401717
0.1220703125	0.827289986421631
0.13427734375	0.903339641485322
0.146484375	0.916506579990802
0.15869140625	0.893853330851464
0.1708984375	0.872060194621548
0.18310546875	0.870807880330147
0.1953125	0.879342295499042
0.20751953125	0.876415687757644
0.2197265625	0.857025643975095
0.23193359375	0.836398123624271
0.244140625	0.830395025238134
0.25634765625	0.834841987961807
0.2685546875	0.830954709276361
0.28076171875	0.808768298674469
0.29296875	0.778981105122944
0.30517578125	0.761361380457597
0.3173828125	0.761926288585707
0.32958984375	0.767108329603063
0.341796875	0.762072688172257
0.35400390625	0.747514279576367
0.3662109375	0.736027898092864
0.37841796875	0.734080166384637
0.390625	0.733118824972026
0.40283203125	0.721918805525913
0.4150390625	0.702143613500833
0.42724609375	0.687560791165386
0.439453125	0.687099121335311
0.45166015625	0.692557063711501
0.4638671875	0.68857670871217
0.47607421875	0.670468219876339
0.48828125	0.648582892306407
0.50048828125	0.635995947239215
0.5126953125	0.633419076521092
0.52490234375	0.63113913764564
0.537109375	0.623788407537348
0.54931640625	0.616367888546948
0.5615234375	0.615102807737741
0.57373046875	0.61719429957709
0.5859375	0.614015232451007
0.59814453125	0.60187995791335
0.6103515625	0.586522879687583
0.62255859375	0.576055709977207
0.634765625	0.570321741438985
0.64697265625	0.561690977817209
0.6591796875	0.546267311186857
0.67138671875	0.530200035698649
0.68359375	0.523763937127516
0.69580078125	0.528997688434622
0.7080078125	0.536780809228735
0.72021484375	0.538427276380347
0.732421875	0.535016007914494
0.74462890625	0.533555399634472
0.7568359375	0.536093266174989
0.76904296875	0.536705418918337
0.78125	0.529931113888173
0.79345703125	0.517893977645582
0.8056640625	0.507497953155709
0.81787109375	0.502009440131842
0.830078125	0.497958504528811
0.84228515625	0.491266822161351
0.8544921875	0.483681003811069
0.86669921875	0.480667629954077
0.87890625	0.483662105318742
0.89111328125	0.487370238785617
0.9033203125	0.48547285772006
0.91552734375	0.477293879275028
0.927734375	0.467808688169097
0.93994140625	0.461240337110423
0.9521484375	0.45673037946989
0.96435546875	0.451644980541626
0.9765625	0.446530262702386
0.98876953125	0.444109179861262
1.0009765625	0.444300303063126
1.01318359375	0.443967744457943
1.025390625	0.441930118652714
1.03759765625	0.441326198889809
1.0498046875	0.445987377062088
1.06201171875	0.454830799972456
1.07421875	0.461668693231
1.08642578125	0.461330447350894
1.0986328125	0.453912970904821
1.11083984375	0.443545924178746
1.123046875	0.433953717444311
1.13525390625	0.425113918013268
1.1474609375	0.41637892322526
1.15966796875	0.412453020669665
1.171875	0.41926178916517
1.18408203125	0.433239833335373
1.1962890625	0.444031061102997
1.20849609375	0.444187538700727
1.220703125	0.433503095181021
1.23291015625	0.417740290346837
1.2451171875	0.403590029414372
1.25732421875	0.394031196430932
1.26953125	0.388524198543175
1.28173828125	0.38768516128325
1.2939453125	0.394130961173399
1.30615234375	0.40680891265668
1.318359375	0.4191404387207
1.33056640625	0.42448882988246
1.3427734375	0.421719961550658
1.35498046875	0.415449801211973
1.3671875	0.411000650257757
1.37939453125	0.409354645816876
1.3916015625	0.407681136768794
1.40380859375	0.404100110722019
1.416015625	0.400705878764013
1.42822265625	0.401348081284731
1.4404296875	0.406918120439282
1.45263671875	0.4143671073661
1.46484375	0.420974004993391
1.47705078125	0.427331186117033
1.4892578125	0.435523689688361
1.50146484375	0.445816041556293
1.513671875	0.456058399732916
1.52587890625	0.464236759663941
1.5380859375	0.469827163494285
1.55029296875	0.472690076784629
1.5625	0.472525500114057
1.57470703125	0.469685441507047
1.5869140625	0.465802570353533
1.59912109375	0.463741977809538
1.611328125	0.465993554914455
1.62353515625	0.472041835252924
1.6357421875	0.479053349137188
1.64794921875	0.48621881212806
1.66015625	0.495048002393216
1.67236328125	0.505122352634641
1.6845703125	0.512218295793283
1.69677734375	0.511595456184893
1.708984375	0.502446989688516
1.72119140625	0.489021410199647
1.7333984375	0.477316649701976
1.74560546875	0.470233436390881
1.7578125	0.466118151866393
1.77001953125	0.462079489585102
1.7822265625	0.457489384126011
1.79443359375	0.45325591788323
1.806640625	0.448698895345128
1.81884765625	0.44104109088328
1.8310546875	0.428399475384366
1.84326171875	0.412516622092006
1.85546875	0.39792010827768
1.86767578125	0.387933229372062
1.8798828125	0.381569463456838
1.89208984375	0.374864446119458
1.904296875	0.365332644347026
1.91650390625	0.354342364008215
1.9287109375	0.34443020851664
1.94091796875	0.335445503202913
1.953125	0.324790453918091
1.96533203125	0.31125994035731
1.9775390625	0.297506090582652
1.98974609375	0.287786820376746
2.001953125	0.283266445314233
2.01416015625	0.280863058435665
2.0263671875	0.276650844281191
2.03857421875	0.269100607992731
2.05078125	0.259684982999484
2.06298828125	0.250687787772199
2.0751953125	0.24298223318555
2.08740234375	0.235959182598317
2.099609375	0.230059838117894
2.11181640625	0.228911840017943
2.1240234375	0.23280507749564
2.13623046875	0.23762196158851
2.1484375	0.23980998924844
2.16064453125	0.23856272374757
2.1728515625	0.235857736419011
2.18505859375	0.234232716655683
2.197265625	0.2350636981025
2.20947265625	0.237967429500629
2.2216796875	0.241396796633703
2.23388671875	0.244079806911265
2.24609375	0.245491766143689
2.25830078125	0.245571652851827
2.2705078125	0.24456175283512
2.28271484375	0.242895636157645
2.294921875	0.240964576717156
2.30712890625	0.237954016530643
2.3193359375	0.232584526706269
2.33154296875	0.225468832036755
2.34375	0.219563935122241
2.35595703125	0.218602815857496
2.3681640625	0.22305736113877
2.38037109375	0.230450285999362
2.392578125	0.238981285701353
2.40478515625	0.247418690670082
2.4169921875	0.254434597341617
2.42919921875	0.259906689393852
2.44140625	0.264345556098301
2.45361328125	0.267261384204578
2.4658203125	0.269304597732089
2.47802734375	0.273468400885829
2.490234375	0.280867040638271
2.50244140625	0.28974253625028
2.5146484375	0.298597558423517
2.52685546875	0.306111778713216
2.5390625	0.310823549207412
2.55126953125	0.312950894001442
2.5634765625	0.314965508331329
2.57568359375	0.320610430789956
2.587890625	0.33240641212837
2.60009765625	0.348567195021469
2.6123046875	0.36372092439845
2.62451171875	0.37327945788704
2.63671875	0.376849529858262
2.64892578125	0.378317927988755
2.6611328125	0.382312910916552
2.67333984375	0.389898668602972
2.685546875	0.398470758049596
2.69775390625	0.406023575176994
2.7099609375	0.414473373533179
2.72216796875	0.428004193183352
2.734375	0.447722878598227
2.74658203125	0.469154973896412
2.7587890625	0.486316951694955
2.77099609375	0.497542694645438
2.783203125	0.506755533529702
2.79541015625	0.518896520773415
2.8076171875	0.534738775178997
2.81982421875	0.551591357556565
2.83203125	0.568024656079952
2.84423828125	0.585962421974107
2.8564453125	0.607792460549251
2.86865234375	0.632437351966961
2.880859375	0.655912058421593
2.89306640625	0.675743623177444
2.9052734375	0.693504939619277
2.91748046875	0.712801106727089
2.9296875	0.735299746716032
2.94189453125	0.759371799223058
2.9541015625	0.782932220727182
2.96630859375	0.806641664369981
2.978515625	0.833146024997276
2.99072265625	0.863301925919226
3.0029296875	0.894849002876439
3.01513671875	0.925294114834169
3.02734375	0.954584665174547
3.03955078125	0.984250890207656
3.0517578125	1.01473738789806
3.06396484375	1.0443794872018
3.076171875	1.07115498201532
3.08837890625	1.09509406109443
3.1005859375	1.11808044776067
3.11279296875	1.1407071100921
3.125	1.16003479285611
3.13720703125	1.17177502963033
3.1494140625	1.17515506033097
3.16162109375	1.17541375425032
3.173828125	1.18138215727683
3.18603515625	1.20026407280862
3.1982421875	1.23416783365677
3.21044921875	1.28120767657172
3.22265625	1.33888334220098
3.23486328125	1.4055493612421
3.2470703125	1.47923541368603
3.25927734375	1.55613560671159
3.271484375	1.63066374569722
3.28369140625	1.69665592566435
3.2958984375	1.74856908252625
3.30810546875	1.78253027658066
3.3203125	1.79752417172164
3.33251953125	1.79628183283366
3.3447265625	1.78460792101192
3.35693359375	1.7682963656746
3.369140625	1.74910571780655
3.38134765625	1.72331494617083
3.3935546875	1.68481052980345
3.40576171875	1.63050744571759
3.41796875	1.56352524951094
3.43017578125	1.49128653493652
3.4423828125	1.42038134751029
3.45458984375	1.35324666395896
3.466796875	1.28923374320304
3.47900390625	1.22767339040292
3.4912109375	1.1692727851612
3.50341796875	1.11481549706406
3.515625	1.06355967460142
3.52783203125	1.01404547426929
3.5400390625	0.966288695704595
3.55224609375	0.922107987247782
3.564453125	0.883251802649431
3.57666015625	0.850621075683459
3.5888671875	0.824226589740972
3.60107421875	0.798884482995355
3.61328125	0.772195036134041
3.62548828125	0.747440775928936
3.6376953125	0.727535517292831
3.64990234375	0.711455601261079
3.662109375	0.696525656597387
3.67431640625	0.682310216999362
3.6865234375	0.670750959003404
3.69873046875	0.663379078095872
3.7109375	0.65897599037735
3.72314453125	0.654498210916939
3.7353515625	0.647839447516984
3.74755859375	0.639000424717628
3.759765625	0.629328069130494
3.77197265625	0.623378604965552
3.7841796875	0.625924753844533
3.79638671875	0.629740003971459
3.80859375	0.632593991327466
3.82080078125	0.633950222118624
3.8330078125	0.632626484915558
3.84521484375	0.627812731074968
3.857421875	0.620947759913859
3.86962890625	0.615151129950137
3.8818359375	0.611870139105104
3.89404296875	0.609302221403735
3.90625	0.60467942361087
3.91845703125	0.597148602872753
3.9306640625	0.588835571322528
3.94287109375	0.583226309525282
3.955078125	0.581641312122311
3.96728515625	0.581722751283125
3.9794921875	0.58001594751207
3.99169921875	0.57552666460501
4.00390625	0.570604315833933
4.01611328125	0.568037364904016
4.0283203125	0.567506916167375
4.04052734375	0.565883427693229
4.052734375	0.560540365990848
4.06494140625	0.551713989445749
4.0771484375	0.542003750545847
4.08935546875	0.533382304250764
4.1015625	0.525084445905543
4.11376953125	0.515323621657711
4.1259765625	0.504815825118782
4.13818359375	0.497593213548448
4.150390625	0.496847926603933
4.16259765625	0.50078243761236
4.1748046875	0.504174117362665
4.18701171875	0.502974149147544
4.19921875	0.49738433344518
4.21142578125	0.49094677164343
4.2236328125	0.486932563922207
4.23583984375	0.485872311576364
4.248046875	0.486326861801146
4.26025390625	0.487319047823943
4.2724609375	0.489316310309215
4.28466796875	0.492545729840516
4.296875	0.495317404734962
4.30908203125	0.494988048241518
4.3212890625	0.49038881482685
4.33349609375	0.483099594121011
4.345703125	0.476256541263503
4.35791015625	0.472046357854334
4.3701171875	0.470720025956769
4.38232421875	0.471743779687089
4.39453125	0.474920579523837
4.40673828125	0.480197553704075
4.4189453125	0.487040589581925
4.43115234375	0.494077101958601
4.443359375	0.498875171809568
4.45556640625	0.498634731755264
4.4677734375	0.4923379241584
4.47998046875	0.482581565312604
4.4921875	0.474536806477991
4.50439453125	0.471852003065714
4.5166015625	0.473623850581487
4.52880859375	0.476577066599491
4.541015625	0.478869809452252
4.55322265625	0.480814098671655
4.5654296875	0.483724703488097
4.57763671875	0.487672745257047
4.58984375	0.489917081052255
4.60205078125	0.487286300711356
4.6142578125	0.479979856498182
4.62646484375	0.472192288660864
4.638671875	0.469041653622437
4.65087890625	0.472900963353156
4.6630859375	0.482343748204523
4.67529296875	0.493569216374468
4.6875	0.503026340098593
4.69970703125	0.508926863992862
4.7119140625	0.510694213433904
4.72412109375	0.508912201213634
4.736328125	0.506505305411172
4.74853515625	0.5070750173965
4.7607421875	0.510809964973051
4.77294921875	0.513989966957268
4.78515625	0.513502375409689
4.79736328125	0.510890978983496
4.8095703125	0.511317828517138
4.82177734375	0.517827109928623
4.833984375	0.527367713310409
4.84619140625	0.533805279889101
4.8583984375	0.534215728231802
4.87060546875	0.53131553849609
4.8828125	0.529901066176368
4.89501953125	0.531657716403003
4.9072265625	0.534359676844736
4.91943359375	0.535537558929371
4.931640625	0.535664812894351
4.94384765625	0.537322240991098
4.9560546875	0.541550655940506
4.96826171875	0.54652043098883
4.98046875	0.550401119537003
4.99267578125	0.55382362118821
5.0048828125	0.558108621394018
5.01708984375	0.561768294485026
5.029296875	0.560558720215521
5.04150390625	0.551766147278012
5.0537109375	0.538605335266664
5.06591796875	0.529825402625878
5.078125	0.532980723811812
5.09033203125	0.547101105760539
5.1025390625	0.564957998384456
5.11474609375	0.581273035485609
5.126953125	0.594503052413529
5.13916015625	0.603644340001441
5.1513671875	0.606898867287779
5.16357421875	0.604183100569045
5.17578125	0.599592733916153
5.18798828125	0.599572320596868
5.2001953125	0.60734700745498
5.21240234375	0.619685878085715
5.224609375	0.63109191190325
5.23681640625	0.640328212176863
5.2490234375	0.650942411516119
5.26123046875	0.665615621249259
5.2734375	0.6815156271737
5.28564453125	0.69274454178615
5.2978515625	0.696679469307017
5.31005859375	0.696475678562748
5.322265625	0.697748071760519
5.33447265625	0.703872015555706
5.3466796875	0.714388556056733
5.35888671875	0.727298048817633
5.37109375	0.742101137349882
5.38330078125	0.75926247151906
5.3955078125	0.777430859764524
5.40771484375	0.793869732351046
5.419921875	0.808201619997509
5.43212890625	0.823840854518287
5.4443359375	0.84433911162822
5.45654296875	0.868780825616111
5.46875	0.892412417231752
5.48095703125	0.912316566580107
5.4931640625	0.931326584414903
5.50537109375	0.955453266696193
5.517578125	0.987521707198112
5.52978515625	1.02456585691706
5.5419921875	1.06220658492738
5.55419921875	1.10012241113387
5.56640625	1.14213678621893
5.57861328125	1.19181279316373
5.5908203125	1.24889944589994
5.60302734375	1.30994944657938
5.615234375	1.37182163219782
5.62744140625	1.43404653660128
5.6396484375	1.49770071165452
5.65185546875	1.5625930774855
5.6640625	1.62628906847582
5.67626953125	1.68603894890945
5.6884765625	1.74135478211259
5.70068359375	1.79467723737508
5.712890625	1.84985593449048
5.72509765625	1.90982578768428
5.7373046875	1.97470088787508
5.74951171875	2.04095452815424
5.76171875	2.10224506396157
5.77392578125	2.15189619489221
5.7861328125	2.18597211075405
5.79833984375	2.20529052131784
5.810546875	2.21498226956853
5.82275390625	2.22137996816384
5.8349609375	2.22788018539718
5.84716796875	2.23262265349887
5.859375	2.22954569366279
5.87158203125	2.21158684172938
5.8837890625	2.17371032262548
5.89599609375	2.11451889126316
5.908203125	2.03658636475585
5.92041015625	1.94624245796464
5.9326171875	1.85305337838285
5.94482421875	1.76824898695005
5.95703125	1.7015765554206
5.96923828125	1.65772918694046
5.9814453125	1.63430770956714
5.99365234375	1.62254594613554
6.005859375	1.61099766736073
6.01806640625	1.59068717453788
6.0302734375	1.55874525294876
6.04248046875	1.51842150303424
6.0546875	1.47565512539356
6.06689453125	1.43442454841716
6.0791015625	1.39417017323008
6.09130859375	1.35151501743428
6.103515625	1.30462666610297
6.11572265625	1.2556364382316
6.1279296875	1.20884958219323
6.14013671875	1.16707419748979
6.15234375	1.12968320748966
6.16455078125	1.09388957850455
6.1767578125	1.0578833627907
6.18896484375	1.0227284100611
6.201171875	0.991108834209996
6.21337890625	0.964591269080795
6.2255859375	0.942642601354983
6.23779296875	0.923793285135414
6.25	0.906647119098025
6.26220703125	0.889783306186802
6.2744140625	0.871601996741446
6.28662109375	0.850807714341819
6.298828125	0.827109813209997
6.31103515625	0.801452450334581
6.3232421875	0.775442996823128
6.33544921875	0.750418338891471
6.34765625	0.726952787414027
6.35986328125	0.705033728302048
6.3720703125	0.684396427989818
6.38427734375	0.664777348963258
6.396484375	0.646577513971302
6.40869140625	0.631441076414138
6.4208984375	0.621168100571585
6.43310546875	0.615615787496864
6.4453125	0.61233730290934
6.45751953125	0.608185785331238
6.4697265625	0.60105630131836
6.48193359375	0.590794742701108
6.494140625	0.57833035283014
6.50634765625	0.563898785894087
6.5185546875	0.547387482067583
6.53076171875	0.530768453238035
6.54296875	0.518469938045257
6.55517578125	0.513755652935688
6.5673828125	0.514736115206647
6.57958984375	0.515033901924173
6.591796875	0.509145533279432
6.60400390625	0.497239973669731
6.6162109375	0.484890936405255
6.62841796875	0.4776584405602
6.640625	0.475565351531349
6.65283203125	0.473487410393458
6.6650390625	0.466405231071204
6.67724609375	0.453719532471698
6.689453125	0.439116268820117
6.70166015625	0.426732908300477
6.7138671875	0.41770362772859
6.72607421875	0.41086057946243
6.73828125	0.405165951706952
6.75048828125	0.40003369152751
6.7626953125	0.394861020717499
6.77490234375	0.38935780950439
6.787109375	0.383955059095548
6.79931640625	0.379832801502189
6.8115234375	0.37824919443977
6.82373046875	0.378698440942784
6.8359375	0.378052931545365
6.84814453125	0.37310905704697
6.8603515625	0.363772062523502
6.87255859375	0.353200464941825
6.884765625	0.344730017655686
6.89697265625	0.338715775394017
6.9091796875	0.33341314366729
6.92138671875	0.328223410331098
6.93359375	0.323954736496491
6.94580078125	0.320875416269295
6.9580078125	0.3186916445566
6.97021484375	0.317899908660869
6.982421875	0.318600364279901
6.99462890625	0.319602224508935
7.0068359375	0.320024596393969
7.01904296875	0.319093504498868
7.03125	0.316015615938834
7.04345703125	0.310260085337231
7.0556640625	0.30254518944863
7.06787109375	0.294557655159754
7.080078125	0.28735460455864
7.09228515625	0.280806411019599
7.1044921875	0.274610360870269
7.11669921875	0.269423064513424
7.12890625	0.266284555024656
7.14111328125	0.264912500158453
7.1533203125	0.263740945621217
7.16552734375	0.261786802902052
7.177734375	0.259352799303637
7.18994140625	0.257696925339273
7.2021484375	0.258790578079283
7.21435546875	0.263396971799176
7.2265625	0.268610697369578
7.23876953125	0.269357093921148
7.2509765625	0.262896317380276
7.26318359375	0.251079348572727
7.275390625	0.239158793516906
7.28759765625	0.23460006373929
7.2998046875	0.242494718620412
7.31201171875	0.25626048649588
7.32421875	0.268943395355579
7.33642578125	0.277961141125879
7.3486328125	0.284243545847599
7.36083984375	0.288456431958003
7.373046875	0.289134145454511
7.38525390625	0.283625463413533
7.3974609375	0.270591367059163
7.40966796875	0.252557034030246
7.421875	0.236271406517748
7.43408203125	0.227619936149776
7.4462890625	0.226505368787691
7.45849609375	0.230020046976404
7.470703125	0.236080551161307
7.48291015625	0.24278259101415
7.4951171875	0.248588602448622
7.50732421875	0.251918613862561
7.51953125	0.250852120303056
7.53173828125	0.244775133972121
7.5439453125	0.236257432585301
7.55615234375	0.230855589370984
7.568359375	0.233228558223387
7.58056640625	0.24357383320423
7.5927734375	0.256081882847015
7.60498046875	0.264343974582713
7.6171875	0.266956260826712
7.62939453125	0.266052261743696
7.6416015625	0.263980457329478
7.65380859375	0.261128323903078
7.666015625	0.256111068700439
7.67822265625	0.247633486491304
7.6904296875	0.237015641565457
7.70263671875	0.228075823429615
7.71484375	0.223097365928963
7.72705078125	0.22076124556331
7.7392578125	0.218372035314322
7.75146484375	0.214671071748294
7.763671875	0.210368300017681
7.77587890625	0.206269662626087
7.7880859375	0.201437146955621
7.80029296875	0.193927382396333
7.8125	0.183266721373574
7.82470703125	0.171766859085736
7.8369140625	0.16236169192765
7.84912109375	0.155327266741096
7.861328125	0.150013312078615
7.87353515625	0.147715901425304
7.8857421875	0.148962704394807
7.89794921875	0.152291301849732
7.91015625	0.156506701429501
7.92236328125	0.160264399910476
7.9345703125	0.162182088060307
7.94677734375	0.162187455442212
7.958984375	0.161086066087724
7.97119140625	0.159484158221683
7.9833984375	0.157601485178091
7.99560546875	0.15774554812692
8.0078125	0.163852076576675
8.02001953125	0.175357701576747
8.0322265625	0.186772400501655
8.04443359375	0.193421110409362
8.056640625	0.194579520467654
8.06884765625	0.192485300247137
8.0810546875	0.189358308912957
8.09326171875	0.185330756330206
8.10546875	0.179218763854327
8.11767578125	0.170817147140081
8.1298828125	0.162336244581736
8.14208984375	0.157266667497493
8.154296875	0.156311168333865
8.16650390625	0.157553618041713
8.1787109375	0.159268189366996
8.19091796875	0.160290876877839
8.203125	0.16058184518659
8.21533203125	0.161699522731461
8.2275390625	0.164951732658957
8.23974609375	0.170070631333906
8.251953125	0.175257562068704
8.26416015625	0.178524509513066
8.2763671875	0.178433726744681
8.28857421875	0.174210850328146
8.30078125	0.166543272119075
8.31298828125	0.158034663889911
8.3251953125	0.152200534510046
8.33740234375	0.151027830703788
8.349609375	0.151598885281516
8.36181640625	0.149326646515831
8.3740234375	0.143675339790229
8.38623046875	0.137321106571263
8.3984375	0.132652782976759
8.41064453125	0.132633845217193
8.4228515625	0.138514521355056
8.43505859375	0.146717311720549
8.447265625	0.153924909642801
8.45947265625	0.158445205154155
8.4716796875	0.159632044976014
8.48388671875	0.158286336861546
8.49609375	0.155820519057878
8.50830078125	0.152263400315913
8.5205078125	0.146120834948271
8.53271484375	0.136781112063745
8.544921875	0.128266488879938
8.55712890625	0.126550150304409
8.5693359375	0.12896914950386
8.58154296875	0.130282845218696
8.59375	0.129862747109043
8.60595703125	0.131454230912096
8.6181640625	0.136759579577331
8.63037109375	0.14497899830912
8.642578125	0.153402585487933
8.65478515625	0.158692685701102
8.6669921875	0.158933964877732
8.67919921875	0.15452330323326
8.69140625	0.147881218340223
8.70361328125	0.142024065650684
8.7158203125	0.138853846011396
8.72802734375	0.137889257871891
8.740234375	0.137493053131325
8.75244140625	0.13647412240915
8.7646484375	0.134402765617797
8.77685546875	0.130935137338193
8.7890625	0.12642142367545
8.80126953125	0.122724829406
8.8134765625	0.121300745513218
8.82568359375	0.121702913872778
8.837890625	0.121818046997305
8.85009765625	0.120299513823914
8.8623046875	0.118592072154101
8.87451171875	0.118677457682245
8.88671875	0.121065200766593
8.89892578125	0.123644788531794
8.9111328125	0.123271568513329
8.92333984375	0.119350107119759
8.935546875	0.113515482895229
8.94775390625	0.108240886547136
8.9599609375	0.106745714365161
8.97216796875	0.108641667492358
8.984375	0.110542161418513
8.99658203125	0.109914793707149
9.0087890625	0.106743246995842
9.02099609375	0.108496055043616
9.033203125	0.111380878749761
9.04541015625	0.113726356712942
9.0576171875	0.118723810719729
9.06982421875	0.120249856612096
9.08203125	0.115805362977171
9.09423828125	0.108115979190858
9.1064453125	0.101714759923726
9.11865234375	0.0979799659320509
9.130859375	0.0960462936016562
9.14306640625	0.100366646622481
9.1552734375	0.10246752155342
9.16748046875	0.106553855945993
9.1796875	0.111815148190909
9.19189453125	0.114266388381015
9.2041015625	0.112035288221609
9.21630859375	0.106617854546575
9.228515625	0.09903636546601
9.24072265625	0.092448535657294
9.2529296875	0.0905198164950123
9.26513671875	0.0945964788812524
9.27734375	0.102550608511231
9.28955078125	0.109311507211495
9.3017578125	0.112810818904868
9.31396484375	0.111872252887447
9.326171875	0.10642578245218
9.33837890625	0.0990508346039726
9.3505859375	0.0952690012924553
9.36279296875	0.095610391609264
9.375	0.0964586773179869
9.38720703125	0.0950462358944283
9.3994140625	0.0903501594248371
9.41162109375	0.0847699543434345
9.423828125	0.0839141129731686
9.43603515625	0.0879771526201536
9.4482421875	0.089404581133851
9.46044921875	0.0868614823807821
9.47265625	0.0828986609940362
9.48486328125	0.079161656229109
9.4970703125	0.076694823203793
9.50927734375	0.0774689291798903
9.521484375	0.0811141399466219
9.53369140625	0.0866384763102384
9.5458984375	0.0910884503360502
9.55810546875	0.0927380857051714
9.5703125	0.091225862552824
9.58251953125	0.0873675069432176
9.5947265625	0.0880575069240318
9.60693359375	0.0901126959470621
9.619140625	0.0937054996693578
9.63134765625	0.0946108134182311
9.6435546875	0.0930802824038148
9.65576171875	0.0921168627659704
9.66796875	0.0912525883553735
9.68017578125	0.0899025142047892
9.6923828125	0.0871009704110557
9.70458984375	0.0829548798136145
9.716796875	0.0784265697933232
9.72900390625	0.0737672143415637
9.7412109375	0.0689013384425168
9.75341796875	0.06250969492596
9.765625	0.0637030134598431
9.77783203125	0.0710540862560297
9.7900390625	0.0808900036149052
9.80224609375	0.0901727401516129
9.814453125	0.0972664318397801
9.82666015625	0.10023285707708
9.8388671875	0.0984057512986571
9.85107421875	0.0933270314895325
9.86328125	0.0874402066348156
9.87548828125	0.0808378854507047
9.8876953125	0.0779638965600744
9.89990234375	0.082525099298496
9.912109375	0.0873544115996895
9.92431640625	0.0931615586091315
9.9365234375	0.0979833224634221
9.94873046875	0.101025777678592
9.9609375	0.103477161319878
9.97314453125	0.104408819903799
9.9853515625	0.102105673271305
9.99755859375	0.0971135858089835
10.009765625	0.0923086414334805
10.02197265625	0.0938628576751105
10.0341796875	0.0991038854070443
10.04638671875	0.103687481620203
10.05859375	0.104898324123743
10.07080078125	0.100555047632209
10.0830078125	0.0930250689579679
10.09521484375	0.0887466229743464
10.107421875	0.0867592733751858
10.11962890625	0.0865872031643569
10.1318359375	0.0847910272869152
10.14404296875	0.0832874824051535
10.15625	0.0825383400744825
10.16845703125	0.0863767460710808
10.1806640625	0.0934561202334042
10.19287109375	0.100551025707773
10.205078125	0.104937756325719
10.21728515625	0.105294981485176
10.2294921875	0.101713239737217
10.24169921875	0.0944520016045167
10.25390625	0.0875884578994123
10.26611328125	0.0858241053226538
10.2783203125	0.0895661849406696
10.29052734375	0.0933367474303799
10.302734375	0.0946484390798119
10.31494140625	0.0923400367243101
10.3271484375	0.0859133770728377
10.33935546875	0.0818129609989198
10.3515625	0.0818931082915562
10.36376953125	0.0810178746002322
10.3759765625	0.0806049714647913
10.38818359375	0.0864313507338258
10.400390625	0.0952112144585905
10.41259765625	0.101736918495443
10.4248046875	0.105300592525883
10.43701171875	0.105871280437773
10.44921875	0.103014284221426
10.46142578125	0.0963825352498589
10.4736328125	0.0869754714324559
10.48583984375	0.0796048466809492
10.498046875	0.0788107291036937
10.51025390625	0.0802884991259308
10.5224609375	0.08233608652388
10.53466796875	0.08498975837532
10.546875	0.088167980261841
10.55908203125	0.0933601881410479
10.5712890625	0.100628962063998
10.58349609375	0.106232813210412
10.595703125	0.106577094386319
10.60791015625	0.100979093281214
10.6201171875	0.0927881150285106
10.63232421875	0.0876931253961842
10.64453125	0.0874842819135714
10.65673828125	0.0888585928101596
10.6689453125	0.0889232379448971
10.68115234375	0.0886814662394658
10.693359375	0.0894592049824041
10.70556640625	0.0909544892558209
10.7177734375	0.0946054304513078
10.72998046875	0.0971738259976349
10.7421875	0.094362131276607
10.75439453125	0.0854656365668184
10.7666015625	0.0813260853053794
10.77880859375	0.0817777380515403
10.791015625	0.0841913494177446
10.80322265625	0.089893568902313
10.8154296875	0.0976897483450638
10.82763671875	0.100438686348577
10.83984375	0.096892061525197
10.85205078125	0.0919807297866233
10.8642578125	0.0902847637673643
10.87646484375	0.0937878473768333
10.888671875	0.0979898469752308
10.90087890625	0.100892842064697
10.9130859375	0.101437703052707
10.92529296875	0.100601146600133
10.9375	0.10165268764522
10.94970703125	0.10539324258208
10.9619140625	0.108473203498318
10.97412109375	0.108235488906542
10.986328125	0.104869240549358
10.99853515625	0.10042871617419
11.0107421875	0.0966758412548995
11.02294921875	0.0949947902058136
11.03515625	0.0942336518643093
11.04736328125	0.092015744621129
11.0595703125	0.0883872429806683
11.07177734375	0.0815924821701996
11.083984375	0.0731558090155493
11.09619140625	0.0667558756282785
11.1083984375	0.0663893830662682
11.12060546875	0.0720575437045247
11.1328125	0.079634154105555
11.14501953125	0.0846373127870376
11.1572265625	0.0859916286334365
11.16943359375	0.0852406468305481
11.181640625	0.0841945105154362
11.19384765625	0.0871664183380618
11.2060546875	0.0935934994538455
11.21826171875	0.095734869243507
11.23046875	0.0933210211580979
11.24267578125	0.0892345904706612
11.2548828125	0.084330389850881
11.26708984375	0.0775763296528427
11.279296875	0.0693788677370926
11.29150390625	0.0665909342607324
11.3037109375	0.0751191201771998
11.31591796875	0.086588619372566
11.328125	0.0960033057200882
11.34033203125	0.101949621925408
11.3525390625	0.105950483211984
11.36474609375	0.107525710114432
11.376953125	0.105830529937779
11.38916015625	0.101480984101139
11.4013671875	0.0946082424967171
11.41357421875	0.086157815189275
11.42578125	0.0793542029326101
11.43798828125	0.0765473961848197
11.4501953125	0.0782977913449706
11.46240234375	0.0833755183676704
11.474609375	0.0864641586237311
11.48681640625	0.0847421390749668
11.4990234375	0.0794098484343426
11.51123046875	0.0741174931670793
11.5234375	0.0742541746674387
11.53564453125	0.0856871224668857
11.5478515625	0.0949810025858816
11.56005859375	0.0996299942951782
11.572265625	0.0986089402869623
11.58447265625	0.0928054397140162
11.5966796875	0.0861091119718764
11.60888671875	0.0828822793290803
11.62109375	0.0847971429492517
11.63330078125	0.0913082114230181
11.6455078125	0.0965688303217296
11.65771484375	0.096912531654092
11.669921875	0.0945073812482712
11.68212890625	0.0929687189135044
11.6943359375	0.093552774066201
11.70654296875	0.0940312054751083
11.71875	0.0984526707491484
11.73095703125	0.104200528232538
11.7431640625	0.107259784167899
11.75537109375	0.106803750916004
11.767578125	0.10232001844194
11.77978515625	0.0942070906372035
11.7919921875	0.0847473568659356
11.80419921875	0.0811655301895639
11.81640625	0.0866537748760094
11.82861328125	0.0945144223157788
11.8408203125	0.102053527600207
11.85302734375	0.106830274890154
11.865234375	0.107179933647785
11.87744140625	0.103845987288887
11.8896484375	0.0994774969930317
11.90185546875	0.0966234303968908
11.9140625	0.096086728676626
11.92626953125	0.0952420756104025
11.9384765625	0.092218385722566
11.95068359375	0.0880521632429211
11.962890625	0.0887632059156823
11.97509765625	0.0917463792753213
11.9873046875	0.0922117028427035
11.99951171875	0.0874931125687193
12.01171875	0.0799883383238218
12.02392578125	0.0773468718008163
12.0361328125	0.0851103430664742
12.04833984375	0.100441967191145
12.060546875	0.116937504537557
12.07275390625	0.128236717682213
12.0849609375	0.132539552098653
12.09716796875	0.130983171149083
12.109375	0.125633081209793
12.12158203125	0.117863543463791
12.1337890625	0.107691392480051
12.14599609375	0.0966487125418339
12.158203125	0.0876687967092685
12.17041015625	0.0815590572496012
12.1826171875	0.0790177035766374
12.19482421875	0.0828090509356414
12.20703125	0.0884476951643253
12.21923828125	0.0929278242279569
12.2314453125	0.0948924529037559
12.24365234375	0.0941242434527894
12.255859375	0.0893184287392603
12.26806640625	0.081972613301982
12.2802734375	0.0784812352688406
12.29248046875	0.0786591493784367
12.3046875	0.0796999881512921
12.31689453125	0.0782307848956885
12.3291015625	0.0733219793789453
12.34130859375	0.0685250246253931
12.353515625	0.0649466754380004
12.36572265625	0.059562311852292
12.3779296875	0.0561572818373171
12.39013671875	0.0594182811646456
12.40234375	0.0659256527616918
12.41455078125	0.073422765626649
12.4267578125	0.0783683311909497
12.43896484375	0.0895454578407102
12.451171875	0.113669998319865
12.46337890625	0.147545721610213
12.4755859375	0.181311997597273
12.48779296875	0.203833258444672
12.5	0.207830420074329
12.51220703125	0.192116444653727
12.5244140625	0.162087929742555
12.53662109375	0.129267959417704
12.548828125	0.107499247017184
12.56103515625	0.102480694596254
12.5732421875	0.106742404488165
12.58544921875	0.111064836058492
12.59765625	0.112257238383577
12.60986328125	0.109675280554148
12.6220703125	0.10436994716888
12.63427734375	0.0984969702093148
12.646484375	0.0938752774439893
12.65869140625	0.0921343288804046
12.6708984375	0.092640919489984
12.68310546875	0.0925416607412327
12.6953125	0.0902088499077659
12.70751953125	0.0866997275147218
12.7197265625	0.085137730175124
12.73193359375	0.0867547448993718
12.744140625	0.0871621860358692
12.75634765625	0.082754242752475
12.7685546875	0.0782811217951445
12.78076171875	0.0789954401760773
12.79296875	0.0824055701117522
12.80517578125	0.0866096415237883
12.8173828125	0.0879296447462541
12.82958984375	0.0858045827109788
12.841796875	0.0808642904009684
12.85400390625	0.0802883109946628
12.8662109375	0.0874001011256897
12.87841796875	0.0938777557605652
12.890625	0.0955818175830056
12.90283203125	0.0933428644573111
12.9150390625	0.092810593549159
12.92724609375	0.0922754969206033
12.939453125	0.0882973150657371
12.95166015625	0.0858524256323324
12.9638671875	0.0877079541469044
12.97607421875	0.0885830209546426
12.98828125	0.0883361092330523
13.00048828125	0.0875516142093314
13.0126953125	0.0862571314786343
13.02490234375	0.0876121152282701
13.037109375	0.0937042386541519
13.04931640625	0.100061557318589
13.0615234375	0.102386004307604
13.07373046875	0.10109349763572
13.0859375	0.0997418315931471
13.09814453125	0.100287852694181
13.1103515625	0.103215840704372
13.12255859375	0.103561088137625
13.134765625	0.097270699939641
13.14697265625	0.0871599775571603
13.1591796875	0.0767733223261272
13.17138671875	0.0669616665548414
13.18359375	0.0635221585264233
13.19580078125	0.0644023051231924
13.2080078125	0.0686842844962109
13.22021484375	0.0743662295583451
13.232421875	0.0800770641414617
13.24462890625	0.0816293931013751
13.2568359375	0.0837308977248494
13.26904296875	0.0900756760867857
13.28125	0.098848772967424
13.29345703125	0.105868791142867
13.3056640625	0.10808387215585
13.31787109375	0.104986849005726
13.330078125	0.0983609210259471
13.34228515625	0.0913714773964922
13.3544921875	0.0879831695323859
13.36669921875	0.0902349467931243
13.37890625	0.0933815473178712
13.39111328125	0.0952281090391758
13.4033203125	0.0976740034746705
13.41552734375	0.101061118794021
13.427734375	0.10157435753445
13.43994140625	0.0990389640528441
13.4521484375	0.0957419449130484
13.46435546875	0.0904714005790793
13.4765625	0.0818664838716325
13.48876953125	0.0688976372242894
13.5009765625	0.0665751116350773
13.51318359375	0.0702216703111566
13.525390625	0.0732813047591234
13.53759765625	0.0749326302410305
13.5498046875	0.072166142459498
13.56201171875	0.0674084270302109
13.57421875	0.0671456590318389
13.58642578125	0.0769078902319512
13.5986328125	0.0885805245000487
13.61083984375	0.0957283269071103
13.623046875	0.0963975311175846
13.63525390625	0.0914843714701695
13.6474609375	0.0840176201159911
13.65966796875	0.0776049732617899
13.671875	0.0741544800278139
13.68408203125	0.0728285804974207
13.6962890625	0.0734647485902872
13.70849609375	0.0744755906497875
13.720703125	0.0738726996862127
13.73291015625	0.074272967933141
13.7451171875	0.0783201539570447
13.75732421875	0.083548179783303
13.76953125	0.0914222474262604
13.78173828125	0.0976847675731394
13.7939453125	0.0990818603636854
13.80615234375	0.0959469667515686
13.818359375	0.0899561952152597
13.83056640625	0.0822074846498243
13.8427734375	0.0727195836643568
13.85498046875	0.0630002899371955
13.8671875	0.0605781194719373
13.87939453125	0.068422784653883
13.8916015625	0.0745194589498269
13.90380859375	0.078295902348802
13.916015625	0.0817037867308316
13.92822265625	0.0854033579114131
13.9404296875	0.0873721412893476
13.95263671875	0.087908916115274
13.96484375	0.0870312238946413
13.97705078125	0.0848345664154846
13.9892578125	0.0823050823370267
14.00146484375	0.0805945129148736
14.013671875	0.0842483489003797
14.02587890625	0.0858227977505701
14.0380859375	0.0843760779575023
14.05029296875	0.0802322079958662
14.0625	0.0773881935668589
14.07470703125	0.079107629528727
14.0869140625	0.0842731754287149
14.09912109375	0.0889466214391308
14.111328125	0.0889002027775434
14.12353515625	0.0829888484251606
14.1357421875	0.0721434804777026
14.14794921875	0.0632315874026549
14.16015625	0.0573251104024851
14.17236328125	0.0562891076712041
14.1845703125	0.0676212410415956
14.19677734375	0.0824368684395962
14.208984375	0.0928232016720716
14.22119140625	0.0981277094923401
14.2333984375	0.0999155751205977
14.24560546875	0.100927639364168
14.2578125	0.100401263274356
14.27001953125	0.0968209865982082
14.2822265625	0.0921780873898452
14.29443359375	0.0877556060962182
14.306640625	0.0858761039389971
14.31884765625	0.0863321210810684
14.3310546875	0.0861692449090504
14.34326171875	0.0846920098139172
14.35546875	0.0822104999492121
14.36767578125	0.0818789849058076
14.3798828125	0.0865630662330997
14.39208984375	0.0933156838590315
14.404296875	0.0981405559005087
14.41650390625	0.101553260409198
14.4287109375	0.10220023080739
14.44091796875	0.0986322404052968
14.453125	0.0923446368791686
14.46533203125	0.0866893753407812
14.4775390625	0.0824021007694879
14.48974609375	0.079141145037441
14.501953125	0.0772667108876369
14.51416015625	0.0764518635990254
14.5263671875	0.0749284618624853
14.53857421875	0.0737088059202759
14.55078125	0.0714053198986887
14.56298828125	0.0690350774713762
14.5751953125	0.0658945111562615
14.58740234375	0.0690938687924172
14.599609375	0.0729447313977532
14.61181640625	0.0765834479815147
14.6240234375	0.0796440776295913
14.63623046875	0.081729498389959
14.6484375	0.082382730553237
14.66064453125	0.0846962558611744
14.6728515625	0.0919144917188914
14.68505859375	0.0967488966738303
14.697265625	0.0964803458627459
14.70947265625	0.0912507994120348
14.7216796875	0.0833098952572253
14.73388671875	0.0763198931317015
14.74609375	0.0762033434312542
14.75830078125	0.081728505459179
14.7705078125	0.0898367517809741
14.78271484375	0.0967902425442404
14.794921875	0.100871730036897
14.80712890625	0.104550350179576
14.8193359375	0.108886658356387
14.83154296875	0.111667453331429
14.84375	0.112802585470909
14.85595703125	0.111379096489212
14.8681640625	0.105521212778453
14.88037109375	0.0945839864021006
14.892578125	0.080547125421928
14.90478515625	0.0664127379250709
14.9169921875	0.0617903475426126
14.92919921875	0.0688694501321458
14.94140625	0.0772768499482942
14.95361328125	0.0838390207228002
14.9658203125	0.0890617506242393
14.97802734375	0.094083931625307
14.990234375	0.0944609769989204
15.00244140625	0.0896677094277963
15.0146484375	0.0813235802956663
15.02685546875	0.0767377702965871
15.0390625	0.0804673581576897
15.05126953125	0.0842960805550096
15.0634765625	0.0873203203269391
15.07568359375	0.0885310876487668
15.087890625	0.0862776144135475
15.10009765625	0.0825244584466057
15.1123046875	0.0776978396996548
15.12451171875	0.0727288366942453
15.13671875	0.0761857146766914
15.14892578125	0.0838349518083982
15.1611328125	0.0885502821840498
15.17333984375	0.0863906237144026
15.185546875	0.0795965342262872
15.19775390625	0.0742152870391466
15.2099609375	0.0740183701328594
15.22216796875	0.0825886296091708
15.234375	0.0963861189958937
15.24658203125	0.105193056755099
15.2587890625	0.107159633842735
15.27099609375	0.103190853155298
15.283203125	0.0973506591611202
15.29541015625	0.094936190440069
15.3076171875	0.094940938932634
15.31982421875	0.097143156145517
15.33203125	0.0986037859355953
15.34423828125	0.0977248369236444
15.3564453125	0.0933456358266417
15.36865234375	0.0863194856356514
15.380859375	0.0824994731266078
15.39306640625	0.0824969563443819
15.4052734375	0.0841625008320279
15.41748046875	0.0867310970983842
15.4296875	0.0876985503280422
15.44189453125	0.0851440251031997
15.4541015625	0.0806653410126249
15.46630859375	0.0761502271466021
15.478515625	0.0713149532524234
15.49072265625	0.0748530815241054
15.5029296875	0.082231440606849
15.51513671875	0.0853350670683404
15.52734375	0.0858482317044804
15.53955078125	0.0850365769378166
15.5517578125	0.0818135949613404
15.56396484375	0.0803788682563964
15.576171875	0.0819393305391993
15.58837890625	0.0844168363628978
15.6005859375	0.0892660835855006
15.61279296875	0.097320835373595
15.625	0.106366373104942
15.63720703125	0.113221925027892
15.6494140625	0.116090399502711
15.66162109375	0.114372402161528
15.673828125	0.110149210894592
15.68603515625	0.108582792584706
15.6982421875	0.111302939853338
15.71044921875	0.113464554559832
15.72265625	0.11110105394279
15.73486328125	0.10215464304927
15.7470703125	0.0890172974609671
15.75927734375	0.078637120332861
15.771484375	0.0724689360354874
15.78369140625	0.0745853662717762
15.7958984375	0.077252204519614
15.80810546875	0.0769619058653041
15.8203125	0.0720280597601867
15.83251953125	0.0633126837607449
15.8447265625	0.060914838283943
15.85693359375	0.0661178918557507
15.869140625	0.0722856590841312
15.88134765625	0.0755979927927324
15.8935546875	0.0777227168449176
15.90576171875	0.0778581964479871
15.91796875	0.0750257074662328
15.93017578125	0.0729072438680567
15.9423828125	0.0766272930944656
15.95458984375	0.0806630989188486
15.966796875	0.0873561216662931
15.97900390625	0.0934408474167786
15.9912109375	0.0961111700329055
16.00341796875	0.0969936115027082
16.015625	0.0951917161425834
16.02783203125	0.0909333538580179
16.0400390625	0.0849420766677927
16.05224609375	0.075172159476776
16.064453125	0.0631722020188739
16.07666015625	0.055755170052494
16.0888671875	0.0620721585951682
16.10107421875	0.07380155141755
16.11328125	0.0833709133007587
16.12548828125	0.0875785262543284
16.1376953125	0.085572950196641
16.14990234375	0.0821906815186899
16.162109375	0.075335375380934
16.17431640625	0.0629040906326831
16.1865234375	0.0494355845945434
16.19873046875	0.046457889784273
16.2109375	0.0568677913660222
16.22314453125	0.0728337648471448
16.2353515625	0.0849955369236716
16.24755859375	0.0918782471832427
16.259765625	0.0934922112248791
16.27197265625	0.0915581361062655
16.2841796875	0.0914235202979197
16.29638671875	0.0955274875559439
16.30859375	0.095883142032141
16.32080078125	0.0944709169685176
16.3330078125	0.0944755574851833
16.34521484375	0.0954650079427312
16.357421875	0.0940778735842873
16.36962890625	0.0892198319830764
16.3818359375	0.0808679871753372
16.39404296875	0.0719376583851322
16.40625	0.0652234807610007
16.41845703125	0.0621041088542575
16.4306640625	0.0642237969662699
16.44287109375	0.0677180699865085
16.455078125	0.0687155430429784
16.46728515625	0.0664615818814345
16.4794921875	0.0625441482409761
16.49169921875	0.0571846445679114
16.50390625	0.0563399438083263
16.51611328125	0.0541114820037665
16.5283203125	0.0517481763841025
16.54052734375	0.0470217539356623
16.552734375	0.0446760246183584
16.56494140625	0.0472996585680029
16.5771484375	0.0552779458317499
16.58935546875	0.0642324675229249
16.6015625	0.0715074821606999
16.61376953125	0.0747040725172335
16.6259765625	0.0721631239021948
16.63818359375	0.0646984216702774
16.650390625	0.0552446317465477
16.66259765625	0.0488295256063268
16.6748046875	0.0489691916920328
16.68701171875	0.0516065134407156
16.69921875	0.0555869933282447
16.71142578125	0.0616883566321896
16.7236328125	0.067115262248693
16.73583984375	0.0729705279129025
16.748046875	0.075803805012043
16.76025390625	0.0738893232418802
16.7724609375	0.0681135184852424
16.78466796875	0.0610232637235921
16.796875	0.0562438134909368
16.80908203125	0.0608804678956779
16.8212890625	0.0688490089702011
16.83349609375	0.0764991931171171
16.845703125	0.083231554181972
16.85791015625	0.0886463019388205
16.8701171875	0.0930436374331447
16.88232421875	0.0953236634904379
16.89453125	0.0950832507490354
16.90673828125	0.0940388111444234
16.9189453125	0.0937448341038414
16.93115234375	0.093315172645363
16.943359375	0.0908531317670695
16.95556640625	0.0860315782924985
16.9677734375	0.0842742708319174
16.97998046875	0.0836327021387198
16.9921875	0.0816095394566881
17.00439453125	0.0783615668975475
17.0166015625	0.075954035060955
17.02880859375	0.0761440206426366
17.041015625	0.0746476650984715
17.05322265625	0.0704294205366093
17.0654296875	0.0646931998474028
17.07763671875	0.0586929883276082
17.08984375	0.0549809562004395
17.10205078125	0.0555555561226348
17.1142578125	0.0596991979614404
17.12646484375	0.067709874414568
17.138671875	0.0755030259723438
17.15087890625	0.0798993126092812
17.1630859375	0.0801852341959746
17.17529296875	0.078256098365747
17.1875	0.0763261733226748
17.19970703125	0.0757862370455758
17.2119140625	0.0774245656727628
17.22412109375	0.0790591076791815
17.236328125	0.0789540397818358
17.24853515625	0.0776163269637977
17.2607421875	0.0763497412879713
17.27294921875	0.0751427662552345
17.28515625	0.0730954767522207
17.29736328125	0.0701868328773549
17.3095703125	0.0681751408219333
17.32177734375	0.0695371108019976
17.333984375	0.0736139435591695
17.34619140625	0.0754927391249854
17.3583984375	0.071474712137487
17.37060546875	0.0619773677250541
17.3828125	0.05230848819648
17.39501953125	0.0489841630972487
17.4072265625	0.0530290848464517
17.41943359375	0.0616246979547758
17.431640625	0.0700830600238517
17.44384765625	0.0796772291329849
17.4560546875	0.0864861911349698
17.46826171875	0.0901277124132372
17.48046875	0.0906212119616527
17.49267578125	0.0878915534020871
17.5048828125	0.0817229830271867
17.51708984375	0.0733620703212299
17.529296875	0.0691033123060779
17.54150390625	0.0683922186196674
17.5537109375	0.0690608982940487
17.56591796875	0.0690206052431546
17.578125	0.0662627308355794
17.59033203125	0.0618637329100872
17.6025390625	0.0583361159859058
17.61474609375	0.0585204437713957
17.626953125	0.0631023083986819
17.63916015625	0.0697614012026448
17.6513671875	0.0766222585345081
17.66357421875	0.0800420589788193
17.67578125	0.0812438893426828
17.68798828125	0.0807000823456345
17.7001953125	0.0788565798171074
17.71240234375	0.0776614373411748
17.724609375	0.0747272270201283
17.73681640625	0.0767206425863571
17.7490234375	0.0792888573589988
17.76123046875	0.0826476140715954
17.7734375	0.0860998223711258
17.78564453125	0.0861460300511192
17.7978515625	0.0799342397881864
17.81005859375	0.0681523280377289
17.822265625	0.0603573862115523
17.83447265625	0.0583448252293947
17.8466796875	0.0590903448743566
17.85888671875	0.0623565798467905
17.87109375	0.0703133217610543
17.88330078125	0.0777868363407878
17.8955078125	0.0824523725523045
17.90771484375	0.0832094576883224
17.919921875	0.0794956579898097
17.93212890625	0.0723275123310225
17.9443359375	0.0650929567099426
17.95654296875	0.0605210817381152
17.96875	0.0608903677593229
17.98095703125	0.061848940815604
17.9931640625	0.0599269514388916
18.00537109375	0.0538486281855756
18.017578125	0.0468187554646021
18.02978515625	0.0501519900277104
18.0419921875	0.0585307534919002
18.05419921875	0.0645758877775174
18.06640625	0.0668760641505734
18.07861328125	0.0671976017453303
18.0908203125	0.0687263908712736
18.10302734375	0.0695079870952628
18.115234375	0.0692992535807989
18.12744140625	0.0685534441190986
18.1396484375	0.0659046849468462
18.15185546875	0.0640954984348256
18.1640625	0.0651372688660268
18.17626953125	0.0660356524352599
18.1884765625	0.0637172723770702
18.20068359375	0.0595257606688839
18.212890625	0.0573219671839882
18.22509765625	0.0586877362680583
18.2373046875	0.0590003501095527
18.24951171875	0.0569558170000308
18.26171875	0.0550484749231611
18.27392578125	0.0562939492757993
18.2861328125	0.0617288180636284
18.29833984375	0.0727623028807928
18.310546875	0.0843426808634764
18.32275390625	0.0913965893350947
18.3349609375	0.0927115460844318
18.34716796875	0.0880840297461344
18.359375	0.0790315308600482
18.37158203125	0.0705620259909634
18.3837890625	0.0640832410972044
18.39599609375	0.065157512795475
18.408203125	0.0729293371173247
18.42041015625	0.076791286929514
18.4326171875	0.076351405009521
18.44482421875	0.075395052474608
18.45703125	0.0759409704412484
18.46923828125	0.0782865910915011
18.4814453125	0.0833173424329494
18.49365234375	0.085888064763746
18.505859375	0.0841981277125483
18.51806640625	0.0804927149727673
18.5302734375	0.0780910547331848
18.54248046875	0.0739826105949149
18.5546875	0.0668038824486082
18.56689453125	0.0608930961872455
18.5791015625	0.0620246755938218
18.59130859375	0.0650887995589397
18.603515625	0.068549060953011
18.61572265625	0.073558554883818
18.6279296875	0.0773706792361214
18.64013671875	0.078949325489026
18.65234375	0.0796950981265966
18.66455078125	0.0809215751536087
18.6767578125	0.0850653977170583
18.68896484375	0.087782586868496
18.701171875	0.0863951096928332
18.71337890625	0.0823625350618615
18.7255859375	0.0769087197734594
18.73779296875	0.0717201768097592
18.75	0.0658854698271479
18.76220703125	0.0588199746326425
18.7744140625	0.0553214085470294
18.78662109375	0.056594856553029
18.798828125	0.0616951299393619
18.81103515625	0.0679294015232376
18.8232421875	0.073497217096113
18.83544921875	0.0786520791086874
18.84765625	0.0825367486803399
18.85986328125	0.083873683447064
18.8720703125	0.0824156177303635
18.88427734375	0.0779182066276142
18.896484375	0.0722581798347198
18.90869140625	0.0725665125905973
18.9208984375	0.0705642950152762
18.93310546875	0.0721869776827142
18.9453125	0.0752703446316535
18.95751953125	0.0795478084537592
18.9697265625	0.081842958649449
18.98193359375	0.0792109031905455
18.994140625	0.0729679534137556
19.00634765625	0.0669222830835915
19.0185546875	0.0674394446838334
19.03076171875	0.0694292102993398
19.04296875	0.072319293094921
19.05517578125	0.0770057968765344
19.0673828125	0.08175923285358
19.07958984375	0.0841762894609629
19.091796875	0.0843037902681903
19.10400390625	0.0834834093323682
19.1162109375	0.0812302494273626
19.12841796875	0.0771145638435658
19.140625	0.0714074353233207
19.15283203125	0.0648503549163721
19.1650390625	0.0621639046325931
19.17724609375	0.0663931484076195
19.189453125	0.0721793615232075
19.20166015625	0.0769913726427729
19.2138671875	0.0814067039298123
19.22607421875	0.0810106016322038
19.23828125	0.0788134062700082
19.25048828125	0.0794799283150373
19.2626953125	0.0826580722555529
19.27490234375	0.0839125118889335
19.287109375	0.0810174561368316
19.29931640625	0.0746055650317303
19.3115234375	0.0682865326994947
19.32373046875	0.0644639329917226
19.3359375	0.0649826272721345
19.34814453125	0.0665269366723603
19.3603515625	0.0673613890604368
19.37255859375	0.068763646618587
19.384765625	0.0733137823289981
19.39697265625	0.0791864759340021
19.4091796875	0.0837768120389699
19.42138671875	0.0853918914647446
19.43359375	0.0831812564472177
19.44580078125	0.0784041876498229
19.4580078125	0.0727758423312826
19.47021484375	0.0658944456071226
19.482421875	0.0586364403062381
19.49462890625	0.0593825422149466
19.5068359375	0.0698692820705982
19.51904296875	0.0814561198276278
19.53125	0.0885294358693239
19.54345703125	0.0884978880509647
19.5556640625	0.0818475088801396
19.56787109375	0.071376717847214
19.580078125	0.0608530364846258
19.59228515625	0.0533767593795027
19.6044921875	0.0557491954814883
19.61669921875	0.0612754726343927
19.62890625	0.0647668812677381
19.64111328125	0.0655002483287222
19.6533203125	0.0638682358074548
19.66552734375	0.0603432354651493
19.677734375	0.0549070363295539
19.68994140625	0.0477874712900809
19.7021484375	0.041804797262495
19.71435546875	0.0437581207942076
19.7265625	0.0459914907737553
19.73876953125	0.0483710501754017
19.7509765625	0.0506237594580097
19.76318359375	0.0587184446344317
19.775390625	0.0657717847197794
19.78759765625	0.0691859792399029
19.7998046875	0.0682333913674142
19.81201171875	0.0625035315459245
19.82421875	0.0549419289328951
19.83642578125	0.0472020725153618
19.8486328125	0.0444076241881382
19.86083984375	0.0501536463892808
19.873046875	0.057869620653378
19.88525390625	0.0643207899842097
19.8974609375	0.0707199571113435
19.90966796875	0.075668210648664
19.921875	0.0761583225989397
19.93408203125	0.0715199472396413
19.9462890625	0.0645639597369527
19.95849609375	0.0582129340533508
19.970703125	0.0542800005238455
19.98291015625	0.0532506672460911
19.9951171875	0.0557945200879013
20.00732421875	0.0598470588186653
20.01953125	0.0614409077535737
20.03173828125	0.0586298389331213
20.0439453125	0.0514761036557588
20.05615234375	0.0444039503389078
20.068359375	0.0451728253798136
20.08056640625	0.0461770966742292
20.0927734375	0.0457158838150946
20.10498046875	0.0479251555401948
20.1171875	0.0510084485926023
20.12939453125	0.0520758285536391
20.1416015625	0.0535301823707646
20.15380859375	0.0560804633626334
20.166015625	0.0617125607803081
20.17822265625	0.0682798916220088
20.1904296875	0.0717994159367173
20.20263671875	0.0728172630885234
20.21484375	0.0703000979649362
20.22705078125	0.0644333078087921
20.2392578125	0.0594802998869593
20.25146484375	0.0598608703595048
20.263671875	0.0639763023655598
20.27587890625	0.0691373804860548
20.2880859375	0.0729582892823298
20.30029296875	0.0739974904731837
20.3125	0.0704458398767568
20.32470703125	0.0627292229669518
20.3369140625	0.0546067309578892
20.34912109375	0.0515023297713496
20.361328125	0.056379639810488
20.37353515625	0.0641605689997285
20.3857421875	0.0686613282193993
20.39794921875	0.07243829583667
20.41015625	0.0720490497512606
20.42236328125	0.070419611070583
20.4345703125	0.072505998020156
20.44677734375	0.0781443418345743
20.458984375	0.0825360274041925
20.47119140625	0.0819263377671253
20.4833984375	0.0757654998130335
20.49560546875	0.0664866059827535
20.5078125	0.0611342865972128
20.52001953125	0.0635283091134558
20.5322265625	0.0654745962443993
20.54443359375	0.0650972366598762
20.556640625	0.0668581182466195
20.56884765625	0.0680391391458647
20.5810546875	0.0663683580321911
20.59326171875	0.0636075145795762
20.60546875	0.0606504706688976
20.61767578125	0.0630288819466809
20.6298828125	0.0681764233067247
20.64208984375	0.0742171218487096
20.654296875	0.080034987287352
20.66650390625	0.0828609664720713
20.6787109375	0.0830617365035086
20.69091796875	0.0813666841900518
20.703125	0.0772391248483305
20.71533203125	0.0705383562910002
20.7275390625	0.064869216399196
20.73974609375	0.0619398077519859
20.751953125	0.0658535159125258
20.76416015625	0.0805321032747523
20.7763671875	0.0933359594305216
20.78857421875	0.0995067816992529
20.80078125	0.0981297807499307
20.81298828125	0.091615506101674
20.8251953125	0.0848569540429918
20.83740234375	0.0796245173301861
20.849609375	0.0736943792906326
20.86181640625	0.066143855746172
20.8740234375	0.0583196787626238
20.88623046875	0.0532715494928323
20.8984375	0.0544644343897166
20.91064453125	0.0566855243880072
20.9228515625	0.057169235118854
20.93505859375	0.0563273568860332
20.947265625	0.0565921219240321
20.95947265625	0.0586859002874401
20.9716796875	0.0594342793246983
20.98388671875	0.0593328017533796
20.99609375	0.0616646686698303
21.00830078125	0.0641704490905262
21.0205078125	0.0664431495728284
21.03271484375	0.0703276781215232
21.044921875	0.0737590603285741
21.05712890625	0.0766773685379241
21.0693359375	0.0782746584913186
21.08154296875	0.0768469822709981
21.09375	0.0716854067888107
21.10595703125	0.0643407181479882
21.1181640625	0.0570342489559678
21.13037109375	0.0534232213714593
21.142578125	0.0546252613737183
21.15478515625	0.0571182587102226
21.1669921875	0.0573041338724702
21.17919921875	0.0553135824118297
21.19140625	0.0551276381857944
21.20361328125	0.0586742259473769
21.2158203125	0.0631120426115142
21.22802734375	0.0654295839864397
21.240234375	0.0662956048359611
21.25244140625	0.0663010411318195
21.2646484375	0.0682312706649935
21.27685546875	0.0726769859145588
21.2890625	0.0766786354310754
21.30126953125	0.0780127248902297
21.3134765625	0.0766659716975996
21.32568359375	0.0739434271574471
21.337890625	0.0715287523436803
21.35009765625	0.0692660800968799
21.3623046875	0.0658063998547735
21.37451171875	0.0633551697399717
21.38671875	0.0650821323920734
21.39892578125	0.0687906739381752
21.4111328125	0.073000614962468
21.42333984375	0.0767631648580009
21.435546875	0.0791970357727785
21.44775390625	0.0788410405713856
21.4599609375	0.0751372518871427
21.47216796875	0.0725729684488062
21.484375	0.0717336482839742
21.49658203125	0.071938389846091
21.5087890625	0.0725706056745333
21.52099609375	0.073581532946981
21.533203125	0.0741655435780232
21.54541015625	0.0733637430687215
21.5576171875	0.0720925943398778
21.56982421875	0.0727962427597596
21.58203125	0.0735039860743591
21.59423828125	0.0703882285430579
21.6064453125	0.0638938668506047
21.61865234375	0.0569633859168015
21.630859375	0.0538566044941447
21.64306640625	0.0521521082310462
21.6552734375	0.0546565347789775
21.66748046875	0.0593990804576911
21.6796875	0.0656411081955839
21.69189453125	0.0712751850122182
21.7041015625	0.0771830406035457
21.71630859375	0.0802183077258011
21.728515625	0.0775977142366042
21.74072265625	0.0702834794835695
21.7529296875	0.0608224775900831
21.76513671875	0.0540896615087268
21.77734375	0.0525500092369827
21.78955078125	0.0549196989406453
21.8017578125	0.0590914989265762
21.81396484375	0.0630866595612606
21.826171875	0.0653627927039508
21.83837890625	0.0635190891756218
21.8505859375	0.065391525878175
21.86279296875	0.0635077812547044
21.875	0.0620037742766574
21.88720703125	0.0613412729645597
21.8994140625	0.0608666738788413
21.91162109375	0.0589049863585314
21.923828125	0.0581578150141048
21.93603515625	0.0580175128358951
21.9482421875	0.0577705808877957
21.96044921875	0.057786623850577
21.97265625	0.0559106081536885
21.98486328125	0.0531716671699345
21.9970703125	0.0561107390905373
22.00927734375	0.0639602647893552
22.021484375	0.0695142335959104
22.03369140625	0.0712806228857152
22.0458984375	0.068786005671303
22.05810546875	0.0646473476361198
22.0703125	0.0644661666506434
22.08251953125	0.0670273344984959
22.0947265625	0.0686174173314162
22.10693359375	0.0671659312182566
22.119140625	0.0631730783186511
22.13134765625	0.0624982305372013
22.1435546875	0.0664547669342803
22.15576171875	0.0682865754465728
22.16796875	0.0671967996070633
22.18017578125	0.0633927670062235
22.1923828125	0.0640001287688959
22.20458984375	0.0672858111927132
22.216796875	0.0700295814728387
22.22900390625	0.0723202059466813
22.2412109375	0.0749385968209198
22.25341796875	0.0777145872403554
22.265625	0.0811635289211153
22.27783203125	0.0844771912525745
22.2900390625	0.0843365479324584
22.30224609375	0.0799110202442278
22.314453125	0.0741481120805212
22.32666015625	0.0679069547962432
22.3388671875	0.0610247071658054
22.35107421875	0.0547683388248293
22.36328125	0.051925584691199
22.37548828125	0.0528647876692523
22.3876953125	0.0580386838651662
22.39990234375	0.0659772948535635
22.412109375	0.0723061470562837
22.42431640625	0.0771571710158361
22.4365234375	0.0797573003513781
22.44873046875	0.0816155763388138
22.4609375	0.0797644620553351
22.47314453125	0.0728485626372875
22.4853515625	0.0631334772589361
22.49755859375	0.056520553899845
22.509765625	0.0566064237941522
22.52197265625	0.0605205496661745
22.5341796875	0.0659005945547233
22.54638671875	0.0689170689075186
22.55859375	0.0676791022310793
22.57080078125	0.063824936633578
22.5830078125	0.058583503362389
22.59521484375	0.0529057054605271
22.607421875	0.0493558127726254
22.61962890625	0.0514434082810843
22.6318359375	0.0573024310762293
22.64404296875	0.064302590221074
22.65625	0.0702602119881504
22.66845703125	0.0749193696521335
22.6806640625	0.0774310908077794
22.69287109375	0.0773228965658365
22.705078125	0.0747727550925387
22.71728515625	0.0706502554130894
22.7294921875	0.0654240821452125
22.74169921875	0.0590514388822467
22.75390625	0.055328017435954
22.76611328125	0.0508182567871697
22.7783203125	0.0476727760229862
22.79052734375	0.045833110939034
22.802734375	0.051968381384082
22.81494140625	0.0577326318460548
22.8271484375	0.060996537695436
22.83935546875	0.0625718980140536
22.8515625	0.0617010281427354
22.86376953125	0.0630958854735046
22.8759765625	0.0682572001559071
22.88818359375	0.0743305987897525
22.900390625	0.0797997787494528
22.91259765625	0.0832114398485273
22.9248046875	0.0836427586229805
22.93701171875	0.0805285199184341
22.94921875	0.0743275451645446
22.96142578125	0.066253181126835
22.9736328125	0.0579588851479047
22.98583984375	0.0535957682161227
22.998046875	0.0534614921470247
23.01025390625	0.057630078801352
23.0224609375	0.0647388548559353
23.03466796875	0.0711783549819804
23.046875	0.0745762802795465
23.05908203125	0.0740020035266059
23.0712890625	0.0687301246041664
23.08349609375	0.0642503458580923
23.095703125	0.0621414606572955
23.10791015625	0.066646313775616
23.1201171875	0.0758725604851767
23.13232421875	0.0836300345731417
23.14453125	0.0858951094142233
23.15673828125	0.0822985717245226
23.1689453125	0.0750655799653303
23.18115234375	0.0681638142303424
23.193359375	0.0611681599573719
23.20556640625	0.0580605808822116
23.2177734375	0.0592666066726878
23.22998046875	0.0599029930556271
23.2421875	0.0576669987988413
23.25439453125	0.0540906552588049
23.2666015625	0.0517317524450596
23.27880859375	0.0507809380995947
23.291015625	0.0506648402297035
23.30322265625	0.0515329618973343
23.3154296875	0.0539829926299431
23.32763671875	0.0556736878400041
23.33984375	0.0565714956175134
23.35205078125	0.0601204610378926
23.3642578125	0.0613882929503982
23.37646484375	0.0628775283023047
23.388671875	0.0668620173619791
23.40087890625	0.0741037124004931
23.4130859375	0.0803822141275136
23.42529296875	0.0823531769949623
23.4375	0.079009947730393
23.44970703125	0.0715212678221495
23.4619140625	0.0630051695176159
23.47412109375	0.0579071066856267
23.486328125	0.0575087896855759
23.49853515625	0.058240656874085
23.5107421875	0.0580139186612731
23.52294921875	0.0555612274133271
23.53515625	0.0508080584301877
23.54736328125	0.0450558585701972
23.5595703125	0.0454801640778165
23.57177734375	0.0465665372676075
23.583984375	0.0469596452559905
23.59619140625	0.0482203967133631
23.6083984375	0.0466909826867333
23.62060546875	0.0443470697751202
23.6328125	0.0420468235208502
23.64501953125	0.0433009462157182
23.6572265625	0.0477987866706163
23.66943359375	0.0573299610405717
23.681640625	0.0679283384090791
23.69384765625	0.0755362149194902
23.7060546875	0.0780960218398474
23.71826171875	0.0755539139453558
23.73046875	0.0701156205980627
23.74267578125	0.0659132780758223
23.7548828125	0.0638981480703382
23.76708984375	0.0639380950334654
23.779296875	0.06361841388578
23.79150390625	0.0610759671242004
23.8037109375	0.0583670016175402
23.81591796875	0.0570143726385529
23.828125	0.0569188374804042
23.84033203125	0.0578245456256446
23.8525390625	0.0569721970285811
23.86474609375	0.0535832086280628
23.876953125	0.0481963063959167
23.88916015625	0.045738887001883
23.9013671875	0.0481667893555095
23.91357421875	0.0532907344200784
23.92578125	0.0587390630935771
23.93798828125	0.0626517625457356
23.9501953125	0.0648858142933278
23.96240234375	0.0664782500918289
23.974609375	0.0671088865865287
23.98681640625	0.0679798675130154
23.9990234375	0.0697142298180697
24.01123046875	0.0709589258504611
24.0234375	0.0689542600881555
24.03564453125	0.0635507477092252
24.0478515625	0.0554372359922716
24.06005859375	0.0482319704929809
24.072265625	0.0469515740424848
24.08447265625	0.0513456082202538
24.0966796875	0.0555925884370615
24.10888671875	0.0597322766230168
24.12109375	0.0620347796563884
24.13330078125	0.0613077575932999
24.1455078125	0.0607044221626876
24.15771484375	0.0608874219945149
24.169921875	0.0658191050929482
24.18212890625	0.0688902923043987
24.1943359375	0.0694681690207092
24.20654296875	0.0687860026477037
24.21875	0.0678706458664567
24.23095703125	0.0646052428077233
24.2431640625	0.0577479288425056
24.25537109375	0.0547185157816036
24.267578125	0.0541340540206469
24.27978515625	0.0567579494729491
24.2919921875	0.0613510253513808
24.30419921875	0.064600579305624
24.31640625	0.0665635763021783
24.32861328125	0.068264104566607
24.3408203125	0.0674831409046417
24.35302734375	0.0646223526615556
24.365234375	0.0628013198413105
24.37744140625	0.0596934107647448
24.3896484375	0.0554630493393395
24.40185546875	0.0519334412984221
24.4140625	0.0500420715025927
24.42626953125	0.0522994151894597
24.4384765625	0.0549384512243818
24.45068359375	0.0554883984137441
24.462890625	0.0525082252999733
24.47509765625	0.0527500528672412
24.4873046875	0.0587798354512348
24.49951171875	0.0629594849437947
24.51171875	0.0686012197491658
24.52392578125	0.074478926778051
24.5361328125	0.0786845821457734
24.54833984375	0.0786331442159658
24.560546875	0.072225037078097
24.57275390625	0.0604640684458282
24.5849609375	0.0510541971264278
24.59716796875	0.0484125063343422
24.609375	0.0554818548261385
24.62158203125	0.0617024305310789
24.6337890625	0.0649307498090224
24.64599609375	0.0652967839619218
24.658203125	0.0663436131590575
24.67041015625	0.0677164066779556
24.6826171875	0.0707667780251056
24.69482421875	0.0735348230218246
24.70703125	0.0730896270214637
24.71923828125	0.0683843602819842
24.7314453125	0.0605070651782216
24.74365234375	0.0514832649180983
24.755859375	0.0426068366497856
24.76806640625	0.0360520171104081
24.7802734375	0.0378807765716687
24.79248046875	0.0451832770121559
24.8046875	0.053236523602526
24.81689453125	0.0585586285911079
24.8291015625	0.0597811714159609
24.84130859375	0.0580573103340135
24.853515625	0.055005425411602
24.86572265625	0.0515556249287885
24.8779296875	0.0488268508433689
24.89013671875	0.0502624773716665
24.90234375	0.0522041130583522
24.91455078125	0.0562160258510665
24.9267578125	0.0662639161792786
24.93896484375	0.0883214546637722
24.951171875	0.122418609180033
24.96337890625	0.162647032364566
24.9755859375	0.199779380353385
24.98779296875	0.224963008440088
25	0.231989520359393
25.01220703125	0.219310695227428
25.0244140625	0.191039217211786
25.03662109375	0.156421060544217
25.048828125	0.126913317463636
25.06103515625	0.108932083136361
25.0732421875	0.0978186920235182
25.08544921875	0.0850071710198917
25.09765625	0.0705962244097589
25.10986328125	0.062168983437451
25.1220703125	0.061104310450476
25.13427734375	0.0675505445102957
25.146484375	0.0737516683778674
25.15869140625	0.0767904640702023
25.1708984375	0.0807761828838412
25.18310546875	0.0841647693367163
25.1953125	0.0851038054087262
25.20751953125	0.0821851077270184
25.2197265625	0.0757234484627633
25.23193359375	0.0687019158837545
25.244140625	0.0637966177160848
25.25634765625	0.0608784898455221
25.2685546875	0.0572024976990496
25.28076171875	0.0517390162672083
25.29296875	0.045829079691778
25.30517578125	0.0424275105255631
25.3173828125	0.0438828089399707
25.32958984375	0.0459389669609202
25.341796875	0.0491039844642005
25.35400390625	0.0510064159559826
25.3662109375	0.0499514540783472
25.37841796875	0.0564451374598677
25.390625	0.0610560077615197
25.40283203125	0.0631934507862324
25.4150390625	0.0638594960991543
25.42724609375	0.0630806482665316
25.439453125	0.0633548202005074
25.45166015625	0.0623624689332375
25.4638671875	0.0578635203708761
25.47607421875	0.0541971065054223
25.48828125	0.05832230085059
25.50048828125	0.0673974327181452
25.5126953125	0.0775682602657437
25.52490234375	0.0855189776492462
25.537109375	0.0887110538902002
25.54931640625	0.085957502038137
25.5615234375	0.0782412252368504
25.57373046875	0.0743313524369955
25.5859375	0.078317575838401
25.59814453125	0.0813899718050112
25.6103515625	0.0797472542525617
25.62255859375	0.0739645476772499
25.634765625	0.0668656374607761
25.64697265625	0.062028240326976
25.6591796875	0.0653675777574999
25.67138671875	0.0730351178661483
25.68359375	0.0794700076237232
25.69580078125	0.0826721541906471
25.7080078125	0.0801782871405193
25.72021484375	0.0723289827946176
25.732421875	0.0614986463959682
25.74462890625	0.0522338604022632
25.7568359375	0.0463531037356795
25.76904296875	0.0443796037555533
25.78125	0.0434820739827862
25.79345703125	0.0453736581958276
25.8056640625	0.0455905590447332
25.81787109375	0.0426796798369884
25.830078125	0.0386285191370198
25.84228515625	0.0346659011882033
25.8544921875	0.0342103452064682
25.86669921875	0.036052762814935
25.87890625	0.0378819240616844
25.89111328125	0.0409605549593401
25.9033203125	0.0439544843797567
25.91552734375	0.0460585890603962
25.927734375	0.0549650128088763
25.93994140625	0.0655184471824437
25.9521484375	0.070425630638711
25.96435546875	0.0703392965748537
25.9765625	0.0675725632119031
25.98876953125	0.0663674107461948
26.0009765625	0.0692601525966277
26.01318359375	0.0723238160269046
26.025390625	0.072940816989384
26.03759765625	0.0702722712837722
26.0498046875	0.0643711301268149
26.06201171875	0.0572642290195607
26.07421875	0.0539039456941238
26.08642578125	0.0541281366989899
26.0986328125	0.0553457838721588
26.11083984375	0.0567667875103992
26.123046875	0.0603457596734581
26.13525390625	0.0632396419131784
26.1474609375	0.0638188489389613
26.15966796875	0.0612527691413762
26.171875	0.0554939955315585
26.18408203125	0.0486545667236864
26.1962890625	0.0438427928804975
26.20849609375	0.0420241291146084
26.220703125	0.0463557011946123
26.23291015625	0.0519816212241948
26.2451171875	0.0553514949814997
26.25732421875	0.0578188173399474
26.26953125	0.0646653203032053
26.28173828125	0.0732442388995044
26.2939453125	0.0786373460623832
26.30615234375	0.0817909318531232
26.318359375	0.085334889991942
26.33056640625	0.0887741247203759
26.3427734375	0.0914429366734815
26.35498046875	0.0926198760416938
26.3671875	0.0934957058613999
26.37939453125	0.0898883591772466
26.3916015625	0.081847357635238
26.40380859375	0.0713379596461102
26.416015625	0.0623040743780312
26.42822265625	0.0559329327255857
26.4404296875	0.0538126847727325
26.45263671875	0.0565492316012305
26.46484375	0.0625343325432446
26.47705078125	0.0671439881066709
26.4892578125	0.0678470738868057
26.50146484375	0.0637225087083851
26.513671875	0.0559082542625656
26.52587890625	0.0515478341138122
26.5380859375	0.0556301610440442
26.55029296875	0.0586283116519474
26.5625	0.0594624856816319
26.57470703125	0.0591258586426798
26.5869140625	0.0620484803709952
26.59912109375	0.0637864111295715
26.611328125	0.0644419396532808
26.62353515625	0.0614931405218081
26.6357421875	0.0560158583770052
26.64794921875	0.0539376671113453
26.66015625	0.0582768763891037
26.67236328125	0.0638265049580926
26.6845703125	0.0708455960412066
26.69677734375	0.0748534833775008
26.708984375	0.0737362727611149
26.72119140625	0.0681021549413222
26.7333984375	0.059690259312228
26.74560546875	0.0535768457490842
26.7578125	0.0515267045686119
26.77001953125	0.0558327832252491
26.7822265625	0.0572420166262464
26.79443359375	0.0583666087646757
26.806640625	0.057671444597719
26.81884765625	0.0536649437362617
26.8310546875	0.0489291232118195
26.84326171875	0.0486716795854064
26.85546875	0.0509142882680556
26.86767578125	0.0537461166595629
26.8798828125	0.0562144809272451
26.89208984375	0.058219947402149
26.904296875	0.0580381867087628
26.91650390625	0.0555450334833317
26.9287109375	0.0544317672724222
26.94091796875	0.0554502453002091
26.953125	0.0597248803828118
26.96533203125	0.0629080682084143
26.9775390625	0.0650370107076636
26.98974609375	0.0662899994111271
27.001953125	0.0671222032563875
27.01416015625	0.0669436682399224
27.0263671875	0.0647589615113797
27.03857421875	0.0602353139969353
27.05078125	0.0557801723436586
27.06298828125	0.0542849662698668
27.0751953125	0.0557370981115409
27.08740234375	0.0582350643472825
27.099609375	0.0618521722968007
27.11181640625	0.0669979990612371
27.1240234375	0.0713262003225651
27.13623046875	0.0717355695376644
27.1484375	0.0676052320061255
27.16064453125	0.0612826407859502
27.1728515625	0.0549732175205995
27.18505859375	0.0527486023653429
27.197265625	0.0540398499481668
27.20947265625	0.0527436575061909
27.2216796875	0.0490720097151381
27.23388671875	0.0475842212227002
27.24609375	0.0486289531816263
27.25830078125	0.0496995223860477
27.2705078125	0.0506035387322592
27.28271484375	0.0566924892315893
27.294921875	0.060254613141317
27.30712890625	0.0618623611742323
27.3193359375	0.0641690651512316
27.33154296875	0.0655789333272313
27.34375	0.064867943738927
27.35595703125	0.0632051878185869
27.3681640625	0.0627355609663604
27.38037109375	0.0619882703399917
27.392578125	0.0635962386900873
27.40478515625	0.0630824646000395
27.4169921875	0.0620551234218059
27.42919921875	0.0617353019178443
27.44140625	0.0615182441780385
27.45361328125	0.0594545451894797
27.4658203125	0.0545874627453973
27.47802734375	0.0486603769379439
27.490234375	0.0437261949185727
27.50244140625	0.0415144549227485
27.5146484375	0.0461300784054293
27.52685546875	0.0497564070738043
27.5390625	0.050631146488333
27.55126953125	0.0509070514999861
27.5634765625	0.0538168866791254
27.57568359375	0.0574353883136122
27.587890625	0.0602762137739995
27.60009765625	0.0637587099605797
27.6123046875	0.0659313492740214
27.62451171875	0.0708594924783307
27.63671875	0.0788847248155398
27.64892578125	0.0858352704586488
27.6611328125	0.0881436476242267
27.67333984375	0.0860501974729067
27.685546875	0.0827912984054854
27.69775390625	0.0811403819857739
27.7099609375	0.0801265447715238
27.72216796875	0.0768528332758047
27.734375	0.0702289157688154
27.74658203125	0.0607013211448276
27.7587890625	0.0504075870422943
27.77099609375	0.0408314748054676
27.783203125	0.0384335016847393
27.79541015625	0.0439427405314094
27.8076171875	0.0558031606904442
27.81982421875	0.0689125237888411
27.83203125	0.0759243964749219
27.84423828125	0.0775707937414712
27.8564453125	0.0732968763070506
27.86865234375	0.0642923999639835
27.880859375	0.0566602494601013
27.89306640625	0.0544320259334557
27.9052734375	0.0535269527887209
27.91748046875	0.0526105419730816
27.9296875	0.0524157450950159
27.94189453125	0.0556940748994419
27.9541015625	0.0601489441117766
27.96630859375	0.0669597979873251
27.978515625	0.0743231961136597
27.99072265625	0.0791514482953033
28.0029296875	0.0799096999968494
28.01513671875	0.0764505350132293
28.02734375	0.069882202471924
28.03955078125	0.0621554416127794
28.0517578125	0.0575878268331885
28.06396484375	0.0565599710018114
28.076171875	0.0546873009675142
28.08837890625	0.0503511496527404
28.1005859375	0.0450576284706064
28.11279296875	0.044269776524198
28.125	0.046083088469021
28.13720703125	0.0470815894901143
28.1494140625	0.0459349581561444
28.16162109375	0.0426495218403928
28.173828125	0.0372841074434781
28.18603515625	0.0324181121146638
28.1982421875	0.0319008564124708
28.21044921875	0.0384043401647234
28.22265625	0.0449504473814581
28.23486328125	0.0542224387720448
28.2470703125	0.0608907564932456
28.25927734375	0.063231953219284
28.271484375	0.0610068643838657
28.28369140625	0.055022403844649
28.2958984375	0.0487617753181386
28.30810546875	0.0461746426509835
28.3203125	0.0519912355685862
28.33251953125	0.0626321283062588
28.3447265625	0.0713295563660123
28.35693359375	0.0746946863225183
28.369140625	0.0725546684370687
28.38134765625	0.066846043476276
28.3935546875	0.0612188422628511
28.40576171875	0.0575425002145516
28.41796875	0.056956394531918
28.43017578125	0.0611393834203314
28.4423828125	0.0638812855804294
28.45458984375	0.0652171104405394
28.466796875	0.0672147814350861
28.47900390625	0.0692497803615858
28.4912109375	0.0678828896468627
28.50341796875	0.063607755430755
28.515625	0.0587389101521495
28.52783203125	0.0537349174278201
28.5400390625	0.0547252690393859
28.55224609375	0.0627740081478847
28.564453125	0.068631047178111
28.57666015625	0.0697560070757635
28.5888671875	0.0690381866648598
28.60107421875	0.069529606577644
28.61328125	0.0689918400170706
28.62548828125	0.0676185563697646
28.6376953125	0.0680388978020196
28.64990234375	0.0702058074578768
28.662109375	0.071749369571933
28.67431640625	0.0690909552247294
28.6865234375	0.0615226395274676
28.69873046875	0.0531060575458835
28.7109375	0.0514255934671395
28.72314453125	0.0531157711709964
28.7353515625	0.0559230600559705
28.74755859375	0.0579157572994795
28.759765625	0.0591011334432821
28.77197265625	0.0580325816985075
28.7841796875	0.0548439204424734
28.79638671875	0.0544774738668247
28.80859375	0.0555782866812069
28.82080078125	0.0557370409107841
28.8330078125	0.0561956738293176
28.84521484375	0.0570744449450341
28.857421875	0.0584566410253741
28.86962890625	0.0622097192743283
28.8818359375	0.0651287015113191
28.89404296875	0.0677644243164363
28.90625	0.0704984762440088
28.91845703125	0.0713316748242456
28.9306640625	0.069362483735562
28.94287109375	0.0657092050112762
28.955078125	0.0655378809186774
28.96728515625	0.0730680937280381
28.9794921875	0.0798305514445219
28.99169921875	0.0838463128713461
29.00390625	0.0901346147074347
29.01611328125	0.0938840025041875
29.0283203125	0.094315696560327
29.04052734375	0.0919131811240868
29.052734375	0.0868834684761501
29.06494140625	0.0803992282455869
29.0771484375	0.0745769269508744
29.08935546875	0.0725616570218107
29.1015625	0.072239213476436
29.11376953125	0.0709469669108296
29.1259765625	0.0674826841915682
29.13818359375	0.0653446415117073
29.150390625	0.0636942140945492
29.16259765625	0.0609933239819218
29.1748046875	0.0589995592286282
29.18701171875	0.0608321381649859
29.19921875	0.0594945842207006
29.21142578125	0.0583068435167885
29.2236328125	0.0595252383766971
29.23583984375	0.0650409945186354
29.248046875	0.0689742183539914
29.26025390625	0.0694675676607074
29.2724609375	0.0653804032976342
29.28466796875	0.0578867207024772
29.296875	0.0554053866835271
29.30908203125	0.0599304554523977
29.3212890625	0.0649402030044574
29.33349609375	0.0694371894176489
29.345703125	0.0766204987496771
29.35791015625	0.0803277070268247
29.3701171875	0.0803949058012503
29.38232421875	0.0771605766234428
29.39453125	0.0716943082024617
29.40673828125	0.0686504815973867
29.4189453125	0.0631807811866699
29.43115234375	0.0558640202122576
29.443359375	0.0505545436412891
29.45556640625	0.0497897545715138
29.4677734375	0.0513637582006133
29.47998046875	0.0541259608072395
29.4921875	0.0564297048146522
29.50439453125	0.0593575145624844
29.5166015625	0.0639735097857079
29.52880859375	0.0663151270461318
29.541015625	0.0653589184725773
29.55322265625	0.0632204938983704
29.5654296875	0.0616143255373405
29.57763671875	0.0613776693862209
29.58984375	0.0628607836169093
29.60205078125	0.0659301761239254
29.6142578125	0.0662530098812505
29.62646484375	0.0649474927601717
29.638671875	0.0641895203027985
29.65087890625	0.0649810337441448
29.6630859375	0.0694279781822388
29.67529296875	0.0739266816478496
29.6875	0.0762418682816307
29.69970703125	0.0843686367736056
29.7119140625	0.0901381080656221
29.72412109375	0.0913801376809761
29.736328125	0.0870482631343886
29.74853515625	0.078431009362873
29.7607421875	0.0683872036377963
29.77294921875	0.0623577439959042
29.78515625	0.0633984646930177
29.79736328125	0.0612173695208969
29.8095703125	0.0548069624686082
29.82177734375	0.0513435689557276
29.833984375	0.0514418258114787
29.84619140625	0.051356014114194
29.8583984375	0.0475156512748125
29.87060546875	0.0426345379299578
29.8828125	0.0407991979401254
29.89501953125	0.0417361487405416
29.9072265625	0.0428213468212101
29.91943359375	0.0464210442594282
29.931640625	0.0519716906774551
29.94384765625	0.0576546559649323
29.9560546875	0.0602628468521022
29.96826171875	0.0586500343656512
29.98046875	0.05371972159859
29.99267578125	0.0460067133163337
30.0048828125	0.0387143766669593
30.01708984375	0.0400512986618164
30.029296875	0.0456618703753885
30.04150390625	0.0480177605325812
30.0537109375	0.0471589328809841
30.06591796875	0.0474690450512101
30.078125	0.0495153911802492
30.09033203125	0.0522443613740293
30.1025390625	0.0585010899132006
30.11474609375	0.0628325810235603
30.126953125	0.063914324777828
30.13916015625	0.0624660385178379
30.1513671875	0.0603424334642288
30.16357421875	0.0583804998338722
30.17578125	0.0620958713548451
30.18798828125	0.0714976886296156
30.2001953125	0.0815970831934695
30.21240234375	0.0880854134122191
30.224609375	0.0896852481597179
30.23681640625	0.0877643075425573
30.2490234375	0.0847213111637249
30.26123046875	0.080137991296392
30.2734375	0.0731690915041934
30.28564453125	0.0679509336654654
30.2978515625	0.0640236127846568
30.31005859375	0.0611144285672018
30.322265625	0.0577735185450038
30.33447265625	0.0547040441001614
30.3466796875	0.0507050339326671
30.35888671875	0.0509569855892279
30.37109375	0.0514803906668925
30.38330078125	0.0542777359607305
30.3955078125	0.0615627886443369
30.40771484375	0.0682161044145519
30.419921875	0.0696892821838128
30.43212890625	0.0646670777866982
30.4443359375	0.0563350396759613
30.45654296875	0.0496640752571013
30.46875	0.0464110918317255
30.48095703125	0.0524548465451756
30.4931640625	0.0629054387443125
30.50537109375	0.0701224937699426
30.517578125	0.0714651267735171
30.52978515625	0.0675247291598074
30.5419921875	0.0608521402152799
30.55419921875	0.0555583562500844
30.56640625	0.0506195716895798
30.57861328125	0.0457376098387893
30.5908203125	0.04840485642596
30.60302734375	0.0568892574980676
30.615234375	0.0651717622838774
30.62744140625	0.0708421440260262
30.6396484375	0.0731083671612127
30.65185546875	0.0756201052036737
30.6640625	0.0779540609686549
30.67626953125	0.077670690335422
30.6884765625	0.0755397062198633
30.70068359375	0.0723799099211186
30.712890625	0.0687196932976647
30.72509765625	0.0654168726851942
30.7373046875	0.0623081092701502
30.74951171875	0.0576107614471951
30.76171875	0.051351968922567
30.77392578125	0.0525977424376617
30.7861328125	0.064811121797858
30.79833984375	0.0757206226682446
30.810546875	0.081923693830798
30.82275390625	0.0827018223965837
30.8349609375	0.081483693946513
30.84716796875	0.0794642214540335
30.859375	0.0789377865255873
30.87158203125	0.0799032474523618
30.8837890625	0.0801886105158514
30.89599609375	0.0790372491310599
30.908203125	0.0753912520105084
30.92041015625	0.06934664982178
30.9326171875	0.0616979494494985
30.94482421875	0.0538189166974068
30.95703125	0.0485946180413666
30.96923828125	0.0515700268808911
30.9814453125	0.0570621294773113
30.99365234375	0.059989464440828
31.005859375	0.0593965071568791
31.01806640625	0.0610206656455247
31.0302734375	0.0647583478740462
31.04248046875	0.0691909149630009
31.0546875	0.0716030206580271
31.06689453125	0.0707102161330407
31.0791015625	0.067637426487873
31.09130859375	0.0648342354033778
31.103515625	0.0658110333009264
31.11572265625	0.0687697148722916
31.1279296875	0.0688841988898054
31.14013671875	0.0654093809338746
31.15234375	0.0660088766329706
31.16455078125	0.0710651045803821
31.1767578125	0.0759639852867469
31.18896484375	0.0791487581490549
31.201171875	0.0786726407739812
31.21337890625	0.072356538416575
31.2255859375	0.0610616901218149
31.23779296875	0.0516806207290141
