% signal t-range (microseconds):	0.0060000000	1.4860000
% breakpoint	1	2.5716216
% svcs	1	7	8	9
% svcs	2	10	25	25
0.0060000000	0.017777771	0.019463870
0.014000000	0.017638537	0.019625205
0.022000000	0.018140759	0.019836724
0.030000000	0.019077505	0.019931437
0.038000000	0.019840478	0.019757882
0.046000000	0.018619476	0.019225000
0.054000000	0.017427725	0.018307646
0.062000000	0.013842578	0.017028837
0.070000000	0.015078018	0.015439714
0.078000000	0.011845147	0.013605825
0.086000000	0.010666448	0.011598183
0.094000000	0.0073243161	0.0094865085
0.10200000	0.0074863470	0.0073343291
0.11000000	0.0032953234	0.0051960438
0.11800000	0.0020306214	0.0031158679
0.12600000	0.0034839080	0.0011287840
0.13400000	-0.00045446070	-0.00073698943
0.14200000	-0.00065206996	-0.0024578993
0.15000000	-0.0013755773	-0.0040149772
0.15800000	-0.0062875975	-0.0053951533
0.16600000	-0.0057307676	-0.0065919778
0.17400000	-0.0056364140	-0.0076050258
0.18200000	-0.0078546362	-0.0084390169
0.19000000	-0.0085775995	-0.0091034713
0.19800000	-0.011834737	-0.0096123892
0.20600000	-0.0084044755	-0.0099832251
0.21400000	-0.0092617262	-0.010235355
0.22200000	-0.0095152607	-0.010388645
0.23000000	-0.013456394	-0.010462181
0.23800000	-0.010690880	-0.010472900
0.24600000	-0.010535691	-0.010434217
0.25400000	-0.0058604125	-0.010355166
0.26200000	-0.011060008	-0.010240338
0.27000000	-0.010406755	-0.010090500
0.27800000	-0.0091682957	-0.0099035076
0.28600000	-0.010555205	-0.0096752294
0.29400000	-0.011189519	-0.0094003402
0.30200000	-0.010051850	-0.0090730897
0.31000000	-0.010453322	-0.0086881147
0.31800000	-0.0066018896	-0.0082411422
0.32600000	-0.0055418269	-0.0077293675
0.33400000	-0.0064914060	-0.0071516262
0.34200000	-0.0065367464	-0.0065086964
0.35000000	-0.0068129950	-0.0058037279
0.35800000	-0.0052798200	-0.0050424065
0.36600000	-0.0041447058	-0.0042327172
0.37400000	-0.0019156770	-0.0033846795
0.38200000	-0.0030162571	-0.0025102870
0.39000000	-0.0033876034	-0.0016232943
0.39800000	-0.0035226401	-0.00073850199
0.40600000	0.00093148531	0.00012912966
0.41400000	-0.0011336091	0.00096499636
0.42200000	0.0024003888	0.0017550725
0.43000000	0.0025463244	0.0024863304
0.43800000	0.0039063171	0.0031473625
0.44600000	0.0028785973	0.0037287355
0.45400000	0.0024975672	0.0042229867
0.46200000	0.0045143842	0.0046247290
0.47000000	0.0065495678	0.0049310412
0.47800000	0.0044998632	0.0051417019
0.48600000	0.0048704310	0.0052589655
0.49400000	0.0073050002	0.0052872161
0.50200000	0.0044910189	0.0052328050
0.51000000	0.0077497303	0.0051037785
0.51800000	0.0047813137	0.0049092200
0.52600000	0.0048322261	0.0046586108
0.53400000	0.0066863048	0.0043617107
0.54200000	0.0030061353	0.0040286434
0.55000000	0.0045777500	0.0036695415
0.55800000	0.0033935600	0.0032939280
0.56600000	0.0028421352	0.0029106295
0.57400000	0.0034064525	0.0025282478
0.58200000	0.0019073149	0.0021552296
0.59000000	0.0012407763	0.0017990858
0.59800000	0.0028440736	0.0014656708
0.60600000	-0.00015564666	0.0011594976
0.61400000	0.0022973607	0.00088461707
0.62200000	-0.0016032882	0.00064480274
0.63000000	0.0015489840	0.00044285474
0.63800000	-0.00073576090	0.00028017634
0.64600000	0.00018502438	0.00015741504
0.65400000	0.00022567273	0.000075453740
0.66200000	0.00074247350	0.000035513578
0.67000000	-0.00028019469	0.000038249388
0.67800000	-0.00063015111	0.000082957402
0.68600000	-0.0012436039	0.00016785921
0.69400000	-0.0023092291	0.00029117462
0.70200000	-0.00032470936	0.00045182891
0.71000000	0.0017097606	0.00064905856
0.71800000	0.0011791300	0.00088138150
0.72600000	0.0013081268	0.0011460907
0.73400000	-0.00024291890	0.0014398447
0.74200000	0.0013923465	0.0017596647
0.75000000	0.0030446685	0.0021031333
0.75800000	0.0017734292	0.0024674741
0.76600000	0.0029555501	0.0028485016
0.77400000	0.0033350714	0.0032406382
0.78200000	0.0028776819	0.0036380692
0.79000000	0.0057967414	0.0040359146
0.79800000	0.0043559238	0.0044303034
0.80600000	0.0069744623	0.0048173684
0.81400000	0.0048564778	0.0051922341
0.82200000	0.0064757777	0.0055490642
0.83000000	0.0082003824	0.0058821993
0.83800000	0.0046584448	0.0061873692
0.84600000	0.0060544585	0.0064619139
0.85400000	0.0071321380	0.0067039595
0.86200000	0.0075995196	0.0069114943
0.87000000	0.0069872193	0.0070822521
0.87800000	0.0093522389	0.0072143888
0.88600000	0.0084437063	0.0073072066
0.89400000	0.0072589737	0.0073612760
0.90200000	0.0061133932	0.0073778941
0.91000000	0.0063048078	0.0073582875
0.91800000	0.0061930377	0.0073031382
0.92600000	0.0068488104	0.0072128624
0.93400000	0.0077442361	0.0070885296
0.94200000	0.0082962355	0.0069326553
0.95000000	0.0080195914	0.0067490672
0.95800000	0.0046776409	0.0065418781
0.96600000	0.0062651517	0.0063144618
0.97400000	0.0035721933	0.0060692543
0.98200000	0.0046209721	0.0058083731
0.99000000	0.0073712732	0.0055344512
0.99800000	0.0010701235	0.0052511324
1.0060000	0.0050913398	0.0049629557
1.0140000	0.0035889257	0.0046745928
1.0220000	0.0040851397	0.0043897813
1.0300000	0.0046674180	0.0041107073
1.0380000	0.0044694261	0.0038384016
1.0460000	0.0038298662	0.0035738641
1.0540000	0.0032126358	0.0033189913
1.0620000	0.0016948099	0.0030766732
1.0700000	0.0036085040	0.0028501669
1.0780000	0.0050893993	0.0026421973
1.0860000	0.0037729400	0.0024541470
1.0940000	0.0021649661	0.0022856850
1.1020000	0.0033722866	0.0021351956
1.1100000	0.00068908992	0.0020009237
1.1180000	0.0020932317	0.0018820708
1.1260000	0.0052477150	0.0017790328
1.1340000	-0.00025864358	0.0016927490
1.1420000	0.0042639818	0.0016238128
1.1500000	-0.00021133733	0.0015718781
1.1580000	0.0023834909	0.0015354114
1.1660000	0.0020566866	0.0015117483
1.1740000	0.0014270726	0.0014975813
1.1820000	0.0019685769	0.0014898276
1.1900000	-0.00032632607	0.0014863608
1.1980000	0.0018027955	0.0014860506
1.2060000	0.0010415798	0.0014881657
1.2140000	0.0037860406	0.0014917559
1.2220000	0.0012493615	0.0014955078
1.2300000	0.00053324173	0.0014979767
1.2380000	0.0014162141	0.0014977822
1.2460000	-0.0010650030	0.0014935762
1.2540000	0.00059588138	0.0014839568
1.2620000	0.0028040722	0.0014675416
1.2700000	-0.00050677016	0.0014431417
1.2780000	-0.00031552195	0.0014098063
1.2860000	0.0010539607	0.0013667161
1.2940000	0.00019802032	0.0013132016
1.3020000	-0.00015408222	0.0012490947
1.3100000	0.0017834097	0.0011751445
1.3180000	0.00087661790	0.0010929502
1.3260000	0.0018978904	0.0010042278
1.3340000	0.00030201855	0.00090990288
1.3420000	-0.00064379489	0.00080972585
1.3500000	0.0029776629	0.00070262749
1.3580000	0.0026000299	0.00058745785
1.3660000	0.0027443695	0.00046365144
1.3740000	0.0042634789	0.00033165825
1.3820000	0.00015482017	0.00019319301
1.3900000	0.0012172757	0.000051276466
1.3980000	0.00051731523	-0.000090124307
1.4060000	-0.00010899204	-0.00022700499
1.4140000	-0.00061364369	-0.00035657904
1.4220000	-0.0023714727	-0.00047824060
1.4300000	-0.0022140970	-0.00059354515
1.4380000	-0.00027706879	-0.00070510589
1.4460000	-0.0039949531	-0.00081510604
1.4540000	-0.0021553115	-0.00092432357
1.4620000	0.00057197348	-0.0010319447
1.4700000	-0.00021084778	-0.0011357770
1.4780000	-0.00066466218	-0.0012325352
1.4860000	-0.0020941008	-0.0013183821
