3219	0.0367309382712996
3219.11718749951	0.0222410458256752
3219.23437499902	0.0104594692946305
3219.35156249853	0.00645542247298806
3219.46874999805	0.00520785152011843
3219.58593749756	0.013365707596218
3219.70312499707	0.0248897627347436
3219.82031249658	0.0268822359957372
3219.93749999609	0.0240506871783823
3220.0546874956	0.0153781537279397
3220.17187499511	0.0157139548539679
3220.28906249462	0.0191795472169644
3220.40624999414	0.0226513488822312
3220.52343749365	0.0203329004573494
3220.64062499316	0.0177544185691039
3220.75781249267	0.00549639167361991
3220.87499999218	-0.00388793984194184
3220.99218749169	-0.00774447787306818
3221.1093749912	-0.00637475219585526
3221.22656249071	-0.00325264026087793
3221.34374999022	0.00486644553763222
3221.46093748974	0.0107679017473043
3221.57812498925	0.0145133670516498
3221.69531248876	0.0148465935889318
3221.81249998827	0.0115381400679472
3221.92968748778	0.00465358277852493
3222.04687498729	-0.00572772036739403
3222.1640624868	-0.0128951795261019
3222.28124998632	-0.00878972613648236
3222.39843748583	0.00162452980604474
3222.51562498534	0.00856445395880655
3222.63281248485	0.0101110690275214
3222.74999998436	0.00265571026843234
3222.86718748387	-0.00632441081397987
3222.98437498338	-0.00992909348717151
3223.10156248289	-0.00635339959367679
3223.21874998241	0.00766104009438454
3223.33593748192	0.0209567151830724
3223.45312498143	0.030780784517138
3223.57031248094	0.0348876009243291
3223.68749998045	0.0445511370777508
3223.80468747996	0.0479717498608877
3223.92187497947	0.0484465787792094
3224.03906247898	0.0409685030605953
3224.15624997849	0.0355949264723843
3224.27343747801	0.0212255853586396
3224.39062497752	0.00697088916729819
3224.50781247703	-0.00633075484876788
3224.62499997654	-0.0113393456206093
3224.74218747605	-0.0106621843161176
3224.85937497556	-0.00778208372328073
3224.97656247507	-0.0078735128827208
3225.09374997458	-0.00518696078503758
3225.2109374741	-0.00129625838612845
3225.32812497361	-0.00754307489848339
3225.44531247312	-0.0136358704252583
3225.56249997263	-0.0157716744955584
3225.67968747214	-0.0107799567916672
3225.79687497165	-0.0108488204379791
3225.91406247116	-0.0133653607499195
3226.03124997067	-0.0165216106420861
3226.14843747019	-0.0223175712310667
3226.2656249697	-0.0294982062262991
3226.38281246921	-0.0286106858766052
3226.49999996872	-0.021695750379321
3226.61718746823	-0.0195180581749995
3226.73437496774	-0.017828932046864
3226.85156246725	-0.0243680401051082
3226.96874996676	-0.0354965797730054
3227.08593746628	-0.0378363821398407
3227.20312496579	-0.0317051817461716
3227.3203124653	-0.0267601095325053
3227.43749996481	-0.0184193062090304
3227.55468746432	-0.00889025445599715
3227.67187496383	-0.00678752821810838
3227.78906246334	-0.0159942131101841
3227.90624996285	-0.0157206564532545
3228.02343746237	-0.00396837159470037
3228.14062496188	0.00682631769667339
3228.25781246139	0.00688270022054313
3228.3749999609	0.0108462483363293
3228.49218746041	0.00961109598800005
3228.60937495992	-0.00474158602209288
3228.72656245943	-0.0181019912401305
3228.84374995894	-0.03235199259317
3228.96093745846	-0.0417578294970822
3229.07812495797	-0.0415436398277115
3229.19531245748	-0.0369935398169878
3229.31249995699	-0.0278609747308656
3229.4296874565	-0.00742066442514416
3229.54687495601	0.00676702994089505
3229.66406245552	0.00300544880058354
3229.78124995503	0.00551692886352684
3229.89843745455	0.00621847303790881
3230.01562495406	-0.00123900597073585
3230.13281245357	-0.00415385030634927
3230.24999995308	0.00629917591376733
3230.36718745259	0.00933784088408922
3230.4843749521	0.0035483924901725
3230.60156245161	-0.00268994302395982
3230.71874995112	-0.00808563078610853
3230.83593745064	-0.0102617195979665
3230.95312495015	-0.00560394119909396
3231.07031244966	0.00194555470092408
3231.18749994917	0.0150725185035391
3231.30468744868	0.0257816405807017
3231.42187494819	0.0268763396012643
3231.5390624477	0.0210402457171228
3231.65624994721	0.0125453588901663
3231.77343744673	0.0160837969700399
3231.89062494624	0.0198309281847505
3232.00781244575	0.0225018813035598
3232.12499994526	0.0276073352514732
3232.24218744477	0.0317062764460289
3232.35937494428	0.0140417646299734
3232.47656244379	0.00322717334271277
3232.5937499433	0.00851087969969961
3232.71093744282	0.00918637509382615
3232.82812494233	0.0112463934478078
3232.94531244184	0.0173376119927127
3233.06249994135	0.0198852877444993
3233.17968744086	0.0198545885901896
3233.29687494037	0.0315122194507227
3233.41406243988	0.0484451826521691
3233.53124993939	0.0674437232600324
3233.64843743891	0.0726786638772387
3233.76562493842	0.0641677237322178
3233.88281243793	0.050019948697041
3233.99999993744	0.0446759041562126
3234.11718743695	0.0371324035941661
3234.23437493646	0.0354598740517807
3234.35156243597	0.0354911164737761
3234.46874993548	0.0355515880503604
3234.585937435	0.0207433552785913
3234.70312493451	0.0192443833069775
3234.82031243402	0.0280949552021951
3234.93749993353	0.0368984272679974
3235.05468743304	0.0363676521113424
3235.17187493255	0.0397501004024771
3235.28906243206	0.0396255044821305
3235.40624993157	0.0282043703755502
3235.52343743109	0.0218108023046633
3235.6406249306	0.0305215891756033
3235.75781243011	0.0395785825097055
3235.87499992962	0.0447455236947334
3235.99218742913	0.055119192002909
3236.10937492864	0.0570807701989486
3236.22656242815	0.0483013155923412
3236.34374992766	0.0400033090812687
3236.46093742718	0.0382068963862732
3236.57812492669	0.0363161325860502
3236.6953124262	0.0389605825854136
3236.81249992571	0.0433083502099673
3236.92968742522	0.05659327260448
3237.04687492473	0.0584558048569903
3237.16406242424	0.0643016802390244
3237.28124992375	0.0688826753147022
3237.39843742327	0.0730911122541687
3237.51562492278	0.0742224613027652
3237.63281242229	0.0803582050883393
3237.7499999218	0.0812349727438579
3237.86718742131	0.073366619660603
3237.98437492082	0.0621593278663522
3238.10156242033	0.0451019646552035
3238.21874991984	0.0330309740598093
3238.33593741935	0.0369536316484504
3238.45312491887	0.0527396912866741
3238.57031241838	0.0688966431507439
3238.68749991789	0.0815995570422241
3238.8046874174	0.0855621964796293
3238.92187491691	0.0673744373625129
3239.03906241642	0.049071276091009
3239.15624991593	0.0454322150857361
3239.27343741544	0.0423965165254492
3239.39062491496	0.0402961509120082
3239.50781241447	0.042723275331915
3239.62499991398	0.049327594269293
3239.74218741349	0.048963561595552
3239.859374913	0.0496422373640121
3239.97656241251	0.0523754349519201
3240.09374991202	0.0620977323073134
3240.21093741154	0.066296931016573
3240.32812491105	0.0602068615249411
3240.44531241056	0.0621114958757711
3240.56249991007	0.0748916474296366
3240.67968740958	0.0832613770149068
3240.79687490909	0.0882591525746713
3240.9140624086	0.0978951254838693
3241.03124990811	0.102276211315726
3241.14843740762	0.098427094158045
3241.26562490714	0.0907598618897854
3241.38281240665	0.0774127839546693
3241.49999990616	0.0642478960349441
3241.61718740567	0.0465102356092178
3241.73437490518	0.0339770306106867
3241.85156240469	0.0281631993468798
3241.9687499042	0.0243782954614558
3242.08593740371	0.0273813705285218
3242.20312490323	0.03801704110322
3242.32031240274	0.0417778024936457
3242.43749990225	0.0478961299435838
3242.55468740176	0.0545031749161049
3242.67187490127	0.0518123198014087
3242.78906240078	0.0491372151119832
3242.90624990029	0.0499755153827062
3243.0234373998	0.0471291248184616
3243.14062489932	0.0485956247432513
3243.25781239883	0.0569688375956486
3243.37499989834	0.0620664163309267
3243.49218739785	0.056401759768001
3243.60937489736	0.0570930055873983
3243.72656239687	0.0574460716026656
3243.84374989638	0.0529945006783791
3243.96093739589	0.0512026313752887
3244.07812489541	0.0645444976150109
3244.19531239492	0.0731486662225798
3244.31249989443	0.0801019176582631
3244.42968739394	0.0936882183824751
3244.54687489345	0.103567262758591
3244.66406239296	0.0947723606195071
3244.78124989247	0.0776015640571299
3244.89843739198	0.066859212701159
3245.0156248915	0.0557785300946612
3245.13281239101	0.0475351957328457
3245.24999989052	0.0489397540813304
3245.36718739003	0.0588378807034477
3245.48437488954	0.0679507577579816
3245.60156238905	0.0726095962816321
3245.71874988856	0.0721828647996019
3245.83593738807	0.0671859354003167
3245.95312488759	0.0606924127075194
3246.0703123871	0.0503795633329693
3246.18749988661	0.0415411960779935
3246.30468738612	0.0439225836860565
3246.42187488563	0.0552450636703962
3246.53906238514	0.0631097195222255
3246.65624988465	0.0687105546341824
3246.77343738416	0.0715075111551574
3246.89062488368	0.0755966083339189
3247.00781238319	0.0671244384664875
3247.1249998827	0.0634661437688166
3247.24218738221	0.0614804230777788
3247.35937488172	0.0676590261936569
3247.47656238123	0.0598423163317223
3247.59374988074	0.0615169036057617
3247.71093738025	0.0617603224297213
3247.82812487977	0.0686313384719237
3247.94531237928	0.0781865904516092
3248.06249987879	0.0901086467210141
3248.1796873783	0.094432485814868
3248.29687487781	0.0945817049799969
3248.41406237732	0.0911510342167674
3248.53124987683	0.0759511610627859
3248.64843737634	0.0679502923823014
3248.76562487586	0.0588017629066099
3248.88281237537	0.0545160257868565
3248.99999987488	0.0562189335371039
3249.11718737439	0.066407988687539
3249.2343748739	0.0678072464121345
3249.35156237341	0.0746926498620362
3249.46874987292	0.074671491830727
3249.58593737243	0.0726541188427508
3249.70312487195	0.0713636885595773
3249.82031237146	0.0732198600634206
3249.93749987097	0.0773386407359616
3250.05468737048	0.0885133090369914
3250.17187486999	0.0923005735468631
3250.2890623695	0.0923534728036057
3250.40624986901	0.0855555428531724
3250.52343736852	0.0792960048434834
3250.64062486804	0.0767266097390478
3250.75781236755	0.0720592276992731
3250.87499986706	0.0625473783175771
3250.99218736657	0.0629670807474513
3251.10937486608	0.0616769533570713
3251.22656236559	0.059443012021623
3251.3437498651	0.0740243155730333
3251.46093736461	0.0939236593492643
3251.57812486413	0.108864193753965
3251.69531236364	0.122085963000998
3251.81249986315	0.134352408376803
3251.92968736266	0.132294750647269
3252.04687486217	0.125109875152925
3252.16406236168	0.116699949754592
3252.28124986119	0.115942459341877
3252.3984373607	0.113805140807608
3252.51562486022	0.112481392317131
3252.63281235973	0.113809167342421
3252.74999985924	0.113906591839833
3252.86718735875	0.103524380015533
3252.98437485826	0.0877511308031387
3253.10156235777	0.0770566365085672
3253.21874985728	0.0697998239757274
3253.33593735679	0.0728268275734931
3253.45312485631	0.0762936315076643
3253.57031235582	0.0840094155514059
3253.68749985533	0.0941330458584087
3253.80468735484	0.108057223493957
3253.92187485435	0.113285500469703
3254.03906235386	0.120882701984724
3254.15624985337	0.121835798624247
3254.27343735288	0.125174478906696
3254.3906248524	0.123578732687506
3254.50781235191	0.12197556559487
3254.62499985142	0.118051482470756
3254.74218735093	0.124711836574962
3254.85937485044	0.122926479466936
3254.97656234995	0.106670873480626
3255.09374984946	0.0917735902275181
3255.21093734897	0.089102726037204
3255.32812484849	0.0883961216138247
3255.445312348	0.0900932744009924
3255.56249984751	0.107571293184644
3255.67968734702	0.127365230268678
3255.79687484653	0.135000596275701
3255.91406234604	0.140036687773865
3256.03124984555	0.140670989748052
3256.14843734506	0.142664523133824
3256.26562484457	0.148564161986734
3256.38281234409	0.162334318636702
3256.4999998436	0.17264665115416
3256.61718734311	0.188924457242904
3256.73437484262	0.203520451094807
3256.85156234213	0.213459316797673
3256.96874984164	0.226099986220054
3257.08593734115	0.233147740207362
3257.20312484066	0.234802033664225
3257.32031234018	0.23987492663682
3257.43749983969	0.250749579625722
3257.5546873392	0.261995427733263
3257.67187483871	0.276628828845185
3257.78906233822	0.298833338227624
3257.90624983773	0.314008765993813
3258.02343733724	0.318717278935625
3258.14062483676	0.319800165137234
3258.25781233627	0.323911827829124
3258.37499983578	0.329127231861139
3258.49218733529	0.335896627371066
3258.6093748348	0.356788096492955
3258.72656233431	0.383586429430555
3258.84374983382	0.411706737966118
3258.96093733333	0.43211403295733
3259.07812483284	0.447325959305156
3259.19531233236	0.452442317393642
3259.31249983187	0.451254113428331
3259.42968733138	0.452413328613945
3259.54687483089	0.454058838179792
3259.6640623304	0.463494598952376
3259.78124982991	0.473523575261358
3259.89843732942	0.484772603743233
3260.01562482893	0.49876235766861
3260.13281232845	0.505173128110835
3260.24999982796	0.503065038731155
3260.36718732747	0.503743411606822
3260.48437482698	0.506864766309815
3260.60156232649	0.502534049610202
3260.718749826	0.496895896166722
3260.83593732551	0.496796743241044
3260.95312482502	0.494309583530089
3261.07031232454	0.489710049476096
3261.18749982405	0.476884250038882
3261.30468732356	0.469752683676223
3261.42187482307	0.465472247180359
3261.53906232258	0.454436695600118
3261.65624982209	0.439811712968518
3261.7734373216	0.432416326982575
3261.89062482111	0.428362454296374
3262.00781232063	0.420413834622797
3262.12499982014	0.419282877395489
3262.24218731965	0.413159944035744
3262.35937481916	0.399628555835681
3262.47656231867	0.381431709934755
3262.59374981818	0.361634832851279
3262.71093731769	0.342442529783964
3262.8281248172	0.324817545477482
3262.94531231672	0.301200887373062
3263.06249981623	0.278574234364746
3263.17968731574	0.262893216008023
3263.29687481525	0.251843731359273
3263.41406231476	0.238950689721865
3263.53124981427	0.232667374627873
3263.64843731378	0.228160677215139
3263.76562481329	0.222397277601478
3263.88281231281	0.208073218960386
3263.99999981232	0.197214859664441
3264.11718731183	0.195796457175942
3264.23437481134	0.191350338321942
3264.35156231085	0.185754286976782
3264.46874981036	0.186142337109718
3264.58593730987	0.182478741788158
3264.70312480938	0.170844068262042
3264.8203123089	0.169503206328723
3264.93749980841	0.162338170312364
3265.05468730792	0.147497528011673
3265.17187480743	0.150482580957515
3265.28906230694	0.163792340561109
3265.40624980645	0.169788450768802
3265.52343730596	0.177439264308302
3265.64062480547	0.195881996639785
3265.75781230499	0.201503125568918
3265.8749998045	0.198974923884421
3265.99218730401	0.204528507720566
3266.10937480352	0.209253225426839
3266.22656230303	0.203465745836081
3266.34374980254	0.201105498205673
3266.46093730205	0.211032551089586
3266.57812480156	0.208334123655048
3266.69531230108	0.210666896969727
3266.81249980059	0.216983164860327
3266.9296873001	0.222976246140084
3267.04687479961	0.229318259918145
3267.16406229912	0.245316950297524
3267.28124979863	0.262220230005191
3267.39843729814	0.287807900446501
3267.51562479765	0.315457967919895
3267.63281229717	0.34471563889568
3267.74999979668	0.374434312703427
3267.86718729619	0.395063325219603
3267.9843747957	0.411462894211401
3268.10156229521	0.427837323101324
3268.21874979472	0.441589306183672
3268.33593729423	0.462637370879888
3268.45312479374	0.49568165611571
3268.57031229326	0.537410634977968
3268.68749979277	0.581146581491069
3268.80468729228	0.623016708395177
3268.92187479179	0.65998224373782
3269.0390622913	0.695355320217756
3269.15624979081	0.723139569198744
3269.27343729032	0.748224891941756
3269.39062478983	0.768861779670568
3269.50781228935	0.79038402303527
3269.62499978886	0.819129199404169
3269.74218728837	0.853879073961133
3269.85937478788	0.885695886150617
3269.97656228739	0.912670048354941
3270.0937497869	0.936080676841766
3270.21093728641	0.950097085332985
3270.32812478592	0.95463612975674
3270.44531228544	0.955021453854533
3270.56249978495	0.96849795594104
3270.67968728446	0.979047604962336
3270.79687478397	0.991495634567945
3270.91406228348	1
3271.03124978299	0.999653232215498
3271.1484372825	0.981974787330933
3271.26562478201	0.968625286253468
3271.38281228153	0.946137661037446
3271.49999978104	0.921548868511751
3271.61718728055	0.898536632977095
3271.73437478006	0.884715679266287
3271.85156227957	0.855532305953447
3271.96874977908	0.823233831704129
3272.08593727859	0.791160255354111
3272.2031247781	0.766130299474438
3272.32031227762	0.717151670524238
3272.43749977713	0.672890899728206
3272.55468727664	0.634968463532464
3272.67187477615	0.591120687060599
3272.78906227566	0.538406178393302
3272.90624977517	0.492103304382362
3273.02343727468	0.442661552350645
3273.14062477419	0.385088188933728
3273.25781227371	0.323173160212378
3273.37499977322	0.262903899485421
3273.49218727273	0.21032493534329
3273.60937477224	0.155006002989642
3273.72656227175	0.0905044212567663
3273.84374977126	0.0325896976613855
3273.96093727077	-0.0309497451124043
3274.07812477028	-0.0970914913229902
3274.19531226979	-0.155971685698187
3274.31249976931	-0.193498695351795
3274.42968726882	-0.232975425918242
3274.54687476833	-0.263875747031989
3274.66406226784	-0.292353985921171
3274.78124976735	-0.315084682604113
3274.89843726686	-0.349510524389754
3275.01562476637	-0.377136271511159
3275.13281226588	-0.403128820689108
3275.2499997654	-0.417137113592801
3275.36718726491	-0.429835698056675
3275.48437476442	-0.43271934443454
3275.60156226393	-0.43218848034939
3275.71874976344	-0.42964671100708
3275.83593726295	-0.432950166796969
3275.95312476246	-0.4410444779043
3276.07031226198	-0.45065370731916
3276.18749976149	-0.453204323070388
3276.304687261	-0.451674367105325
3276.42187476051	-0.443904819590708
3276.53906226002	-0.43342317000159
3276.65624975953	-0.424451743881698
3276.77343725904	-0.416729144750099
3276.89062475855	-0.404598092453064
3277.00781225806	-0.39164468622122
3277.12499975758	-0.369304480867218
3277.24218725709	-0.342353792854404
3277.3593747566	-0.32099708040144
3277.47656225611	-0.29895477011001
3277.59374975562	-0.282900953242185
3277.71093725513	-0.276121562270067
3277.82812475464	-0.276320064032068
3277.94531225415	-0.275940343450958
3278.06249975367	-0.269496557694224
3278.17968725318	-0.252096988144132
3278.29687475269	-0.240774811052586
3278.4140622522	-0.226018586912833
3278.53124975171	-0.208429557920302
3278.64843725122	-0.19752476709843
3278.76562475073	-0.193903639285885
3278.88281225024	-0.185934636866637
3278.99999974976	-0.179336072892339
3279.11718724927	-0.18383050314693
3279.23437474878	-0.193097312258548
3279.35156224829	-0.206163154234744
3279.4687497478	-0.221372265618933
3279.58593724731	-0.226366923322265
3279.70312474682	-0.230679012115068
3279.82031224633	-0.23984904697911
3279.93749974585	-0.246334543012875
3280.05468724536	-0.253962399217957
3280.17187474487	-0.273254959799977
3280.28906224438	-0.287114229449185
3280.40624974389	-0.296357110030104
3280.5234372434	-0.305553799459989
3280.64062474291	-0.318694153063427
3280.75781224242	-0.333619605346345
3280.87499974194	-0.34938376777493
3280.99218724145	-0.362259544523099
3281.10937474096	-0.377963431285743
3281.22656224047	-0.387634299384115
3281.34374973998	-0.388132210672657
3281.46093723949	-0.385546067536075
3281.578124739	-0.382720336199701
3281.69531223851	-0.382674403477213
3281.81249973803	-0.385360260860814
3281.92968723754	-0.389594506205644
3282.04687473705	-0.393264159383077
3282.16406223656	-0.402825834629331
3282.28124973607	-0.412536684576467
3282.39843723558	-0.423537403485436
3282.51562473509	-0.435857220510828
3282.6328122346	-0.443634402863189
3282.74999973412	-0.448588775824964
3282.86718723363	-0.446658547033069
3282.98437473314	-0.437755120345356
3283.10156223265	-0.424308756091819
3283.21874973216	-0.416766832511643
3283.33593723167	-0.410078612270419
3283.45312473118	-0.408806569519164
3283.57031223069	-0.410229969738758
3283.68749973021	-0.424319892250344
3283.80468722972	-0.440829019504954
3283.92187472923	-0.454793847292755
3284.03906222874	-0.470742017093493
3284.15624972825	-0.482416975361166
3284.27343722776	-0.476309249159007
3284.39062472727	-0.470889392491266
3284.50781222678	-0.472626135305909
3284.6249997263	-0.471348640484368
3284.74218722581	-0.472878961860127
3284.85937472532	-0.483540743732982
3284.97656222483	-0.48769472248749
3285.09374972434	-0.492413141962998
3285.21093722385	-0.500691914781672
3285.32812472336	-0.511178776066185
3285.44531222287	-0.524748631651043
3285.56249972239	-0.534558830434502
3285.6796872219	-0.544644358767404
3285.79687472141	-0.555464856464142
3285.91406222092	-0.558109520427803
3286.03124972043	-0.55769360415785
3286.14843721994	-0.562856064468875
3286.26562471945	-0.562796198677878
3286.38281221896	-0.557013324996926
3286.49999971848	-0.557126259544717
3286.61718721799	-0.558461972300544
3286.7343747175	-0.563676075832889
3286.85156221701	-0.567130826573215
3286.96874971652	-0.569151682828318
3287.08593721603	-0.568270826120085
3287.20312471554	-0.569905342616865
3287.32031221505	-0.568084609569881
3287.43749971457	-0.569469542404679
3287.55468721408	-0.564943068031861
3287.67187471359	-0.556513517119842
3287.7890622131	-0.550952815303046
3287.90624971261	-0.544110271183448
3288.02343721212	-0.528249851364379
3288.14062471163	-0.520434567037917
3288.25781221114	-0.517557949712208
3288.37499971065	-0.509779618306574
3288.49218721017	-0.500596621570306
3288.60937470968	-0.497625956032162
3288.72656220919	-0.492081610426224
3288.8437497087	-0.488496223963332
3288.96093720821	-0.483653378067529
3289.07812470772	-0.481074655804391
3289.19531220723	-0.473893780434267
3289.31249970675	-0.464793624877067
3289.42968720626	-0.453844308814526
3289.54687470577	-0.436323733593364
3289.66406220528	-0.424263558210047
3289.78124970479	-0.416810382218415
3289.8984372043	-0.406857129107851
3290.01562470381	-0.395444387070998
3290.13281220332	-0.385221559374069
3290.24999970284	-0.366736724944266
3290.36718720235	-0.347346089615
3290.48437470186	-0.331774175181899
3290.60156220137	-0.318577394590344
3290.71874970088	-0.312854342236142
3290.83593720039	-0.309225339210962
3290.9531246999	-0.303818961272539
3291.07031219941	-0.296992319024609
3291.18749969892	-0.288870204298162
3291.30468719844	-0.27690453146647
3291.42187469795	-0.266085610751602
3291.53906219746	-0.260560195945269
3291.65624969697	-0.251871671694663
3291.77343719648	-0.245770457687567
3291.89062469599	-0.243315012791453
3292.0078121955	-0.242534262151526
3292.12499969501	-0.234593277315693
3292.24218719453	-0.232943375804337
3292.35937469404	-0.227907890091761
3292.47656219355	-0.218889818481645
3292.59374969306	-0.212008504084458
3292.71093719257	-0.210800523159064
3292.82812469208	-0.209904824703941
3292.94531219159	-0.210410308312325
3293.0624996911	-0.207207626894232
3293.17968719062	-0.192156385173446
3293.29687469013	-0.176353514985174
3293.41406218964	-0.174357558457053
3293.53124968915	-0.172198797052336
3293.64843718866	-0.17674850524177
3293.76562468817	-0.189589600765065
3293.88281218768	-0.199182019629876
3293.99999968719	-0.207819871855444
3294.11718718671	-0.215521179562991
3294.23437468622	-0.217806006887776
3294.35156218573	-0.219460817201731
3294.46874968524	-0.221780174304994
3294.58593718475	-0.215406356783597
3294.70312468426	-0.206499295382361
3294.82031218377	-0.206963585570806
3294.93749968328	-0.214204496231978
3295.0546871828	-0.224371048387186
3295.17187468231	-0.223309667573927
3295.28906218182	-0.223886785328014
3295.40624968133	-0.222903702301918
3295.52343718084	-0.214855341970729
3295.64062468035	-0.203102602772984
3295.75781217986	-0.196310944642723
3295.87499967937	-0.196130981859036
3295.99218717889	-0.193713095669336
3296.1093746784	-0.198048052868061
3296.22656217791	-0.207487207979276
3296.34374967742	-0.221608934234198
3296.46093717693	-0.241362497648179
3296.57812467644	-0.260505429190127
3296.69531217595	-0.271723322232156
3296.81249967546	-0.272229108733334
3296.92968717498	-0.275624341039704
3297.04687467449	-0.274779982913108
3297.164062174	-0.26924760157252
3297.28124967351	-0.265322672287926
3297.39843717302	-0.276420013998076
3297.51562467253	-0.289043783941913
3297.63281217204	-0.291326339570746
3297.74999967155	-0.300478200867167
3297.86718717107	-0.320451361556558
3297.98437467058	-0.341590356608776
3298.10156217009	-0.350188378431976
3298.2187496696	-0.358491988459731
3298.33593716911	-0.366970670522227
3298.45312466862	-0.360422235305281
3298.57031216813	-0.346277097376752
3298.68749966764	-0.341840127824463
3298.80468716716	-0.34010541633088
3298.92187466667	-0.346276509644818
3299.03906216618	-0.35453771468146
3299.15624966569	-0.359205096721235
3299.2734371652	-0.35608192466148
3299.39062466471	-0.359395830252751
3299.50781216422	-0.353757436434379
3299.62499966373	-0.342686357468783
3299.74218716325	-0.341092036785066
3299.85937466276	-0.339986282177534
3299.97656216227	-0.333933531017425
3300.09374966178	-0.31607780492007
3300.21093716129	-0.306329610230818
3300.3281246608	-0.290533403684007
3300.44531216031	-0.276091885156874
3300.56249965982	-0.260106976399607
3300.67968715934	-0.260920653425548
3300.79687465885	-0.258440219873956
3300.91406215836	-0.247937973574868
3301.03124965787	-0.235442238354257
3301.14843715738	-0.226365102649376
3301.26562465689	-0.214748059423194
3301.3828121564	-0.19840906899013
3301.49999965591	-0.191579397814263
3301.61718715543	-0.180811665981526
3301.73437465494	-0.167515536553647
3301.85156215445	-0.152827766185263
3301.96874965396	-0.148841652556348
3302.08593715347	-0.137106632587033
3302.20312465298	-0.129632556992638
3302.32031215249	-0.124166963513054
3302.437499652	-0.121203264509165
3302.55468715152	-0.112701170773062
3302.67187465103	-0.114123510867878
3302.78906215054	-0.115958390947669
3302.90624965005	-0.106434639818525
3303.02343714956	-0.0901406289653209
3303.14062464907	-0.0735270662147971
3303.25781214858	-0.0609699952034678
3303.37499964809	-0.0552077182324859
3303.49218714761	-0.0538959965252604
3303.60937464712	-0.0593378754384434
3303.72656214663	-0.0662963385695206
3303.84374964614	-0.0626244762140364
3303.96093714565	-0.0535456745987903
3304.07812464516	-0.053837921680432
3304.19531214467	-0.0548686213930356
3304.31249964418	-0.0578922042415757
3304.4296871437	-0.0671600734779722
3304.54687464321	-0.0644773075402098
3304.66406214272	-0.0544472711064502
3304.78124964223	-0.0542574643069698
3304.89843714174	-0.0597780953465064
3305.01562464125	-0.0620359652126546
3305.13281214076	-0.0729234022167923
3305.24999964027	-0.0765423208512863
3305.36718713979	-0.0651267013328938
3305.4843746393	-0.0449733819491726
3305.60156213881	-0.0259896830881991
3305.71874963832	-0.01864161089597
3305.83593713783	-0.0267447058943174
3305.95312463734	-0.0362776063251732
3306.07031213685	-0.0464961045944957
3306.18749963636	-0.0474715263722549
3306.30468713587	-0.0418878047031402
3306.42187463539	-0.0363402787228688
3306.5390621349	-0.0374394322068413
3306.65624963441	-0.0349550610489313
3306.77343713392	-0.0375797340882111
3306.89062463343	-0.0432357582065172
3307.00781213294	-0.0453648986353566
3307.12499963245	-0.0462323391321733
3307.24218713197	-0.0587051170183677
3307.35937463148	-0.0685203135329218
3307.47656213099	-0.0671378663583749
3307.5937496305	-0.0667978247332354
3307.71093713001	-0.0691224824603873
3307.82812462952	-0.0629708368031456
3307.94531212903	-0.0555240215601809
3308.06249962854	-0.0585598715668646
3308.17968712806	-0.0663146398524941
3308.29687462757	-0.0669906521037128
3308.41406212708	-0.0650567885982938
3308.53124962659	-0.0622492308295404
3308.6484371261	-0.063687321349627
3308.76562462561	-0.0552750353268465
3308.88281212512	-0.0334040109102358
3308.99999962463	-0.0193083959534715
3309.11718712414	-0.0169753197459985
3309.23437462366	-0.00416563614475035
3309.35156212317	0.00600206506373127
3309.46874962268	0.00205344762332995
3309.58593712219	-0.00856910963274528
3309.7031246217	-0.0144719913778906
3309.82031212121	-0.0324110755114058
3309.93749962072	-0.0458426605359553
3310.05468712023	-0.0500932620916433
3310.17187461975	-0.0517657916340288
3310.28906211926	-0.0522576450666975
3310.40624961877	-0.0447257169487123
3310.52343711828	-0.0407970015041979
3310.64062461779	-0.0430242791981857
3310.7578121173	-0.0496922681401355
3310.87499961681	-0.0550349496633924
3310.99218711632	-0.0572981201534298
3311.10937461584	-0.0584428590028492
3311.22656211535	-0.0620307311259923
3311.34374961486	-0.0552160531434121
3311.46093711437	-0.0438567716846418
3311.57812461388	-0.0399091254405231
3311.69531211339	-0.0460385709953319
3311.8124996129	-0.0436258339831242
3311.92968711241	-0.0342297521665111
3312.04687461193	-0.0361960877187541
3312.16406211144	-0.0380876087509613
3312.28124961095	-0.0268343397699747
3312.39843711046	-0.0256246929342151
3312.51562460997	-0.0387650465376531
3312.63281210948	-0.0428602640901896
3312.74999960899	-0.0384161765572496
3312.8671871085	-0.0368635036326613
3312.98437460802	-0.0294615165231595
3313.10156210753	-0.0162926020686215
3313.21874960704	-0.0111008236745129
3313.33593710655	-0.0114966600915889
3313.45312460606	-0.0143042803782441
3313.57031210557	-0.0199310753419612
3313.68749960508	-0.026760506142936
3313.80468710459	-0.0309184225037617
3313.92187460411	-0.0360248476479577
3314.03906210362	-0.0386271066205062
3314.15624960313	-0.0378649838873906
3314.27343710264	-0.0407560511387011
3314.39062460215	-0.0427108767647849
3314.50781210166	-0.0399049849063966
3314.62499960117	-0.0431355949794086
3314.74218710068	-0.0418119090068332
3314.8593746002	-0.0404762587689079
3314.97656209971	-0.0422729743566971
3315.09374959922	-0.0434782917648501
3315.21093709873	-0.0410084594610361
3315.32812459824	-0.0573879485999564
3315.44531209775	-0.0617488031325394
3315.56249959726	-0.0593615091149999
3315.67968709677	-0.0614948900429506
3315.79687459629	-0.0635928325140423
3315.9140620958	-0.0557387779099914
3316.03124959531	-0.0452739388709218
3316.14843709482	-0.0473789993226647
3316.26562459433	-0.047583256047746
3316.38281209384	-0.0494525144596186
3316.49999959335	-0.0479080196404594
3316.61718709286	-0.054588124294156
3316.73437459238	-0.0514646493416072
3316.85156209189	-0.0495510796533639
3316.9687495914	-0.0451963454945559
3317.08593709091	-0.0436685097790485
3317.20312459042	-0.0484485679380676
3317.32031208993	-0.0508625790393515
3317.43749958944	-0.0546078039688049
3317.55468708895	-0.0634305722449068
3317.67187458847	-0.0694576400354558
3317.78906208798	-0.0704089818361184
3317.90624958749	-0.0692517354536633
3318.023437087	-0.0619233512930227
3318.14062458651	-0.0521910584754384
3318.25781208602	-0.0529912567720608
3318.37499958553	-0.0461485612060664
3318.49218708504	-0.0441619943545492
3318.60937458456	-0.0459532578720524
3318.72656208407	-0.0542989699981276
3318.84374958358	-0.0497883974969775
3318.96093708309	-0.0506048005580612
3319.0781245826	-0.0600936300874383
3319.19531208211	-0.0670021159075604
3319.31249958162	-0.0688892449942593
3319.42968708113	-0.0724375896078288
3319.54687458065	-0.0780919478157698
3319.66406208016	-0.08063241665841
3319.78124957967	-0.0845262105031575
3319.89843707918	-0.0831539102371984
3320.01562457869	-0.0836490954905975
3320.1328120782	-0.078097026118421
3320.24999957771	-0.0666365784665657
3320.36718707722	-0.0566945323893665
3320.48437457674	-0.0484476258319286
3320.60156207625	-0.0475033130834219
3320.71874957576	-0.0444763094856562
3320.83593707527	-0.0448176251998721
3320.95312457478	-0.0464265472555873
3321.07031207429	-0.0492031210308915
3321.1874995738	-0.0463849620143597
3321.30468707331	-0.0536078505543088
3321.42187457283	-0.0562403988062239
3321.53906207234	-0.0586647082624926
3321.65624957185	-0.0600140511940345
3321.77343707136	-0.0593070549493665
3321.89062457087	-0.0545874864205858
3322.00781207038	-0.0487257091668841
3322.12499956989	-0.0384547215157618
3322.2421870694	-0.0355805273324015
3322.35937456892	-0.0406492423237859
3322.47656206843	-0.0405516663799773
3322.59374956794	-0.0389529537507517
3322.71093706745	-0.0434217895642772
3322.82812456696	-0.0444783866107394
3322.94531206647	-0.0365083240667137
3323.06249956598	-0.0393519885958153
3323.17968706549	-0.0430389066624877
3323.29687456501	-0.0503167702444875
3323.41406206452	-0.0516533916786954
3323.53124956403	-0.0544878179775901
3323.64843706354	-0.0555527445758781
3323.76562456305	-0.0478783053984721
3323.88281206256	-0.03249827355016
3323.99999956207	-0.02264906411422
3324.11718706158	-0.0176684019972977
3324.23437456109	-0.0126610853145326
3324.35156206061	-0.0229338013939217
3324.46874956012	-0.0361833478494769
3324.58593705963	-0.0513491455641708
3324.70312455914	-0.0594817726099007
3324.82031205865	-0.0565781978255546
3324.93749955816	-0.0496026837695369
3325.05468705767	-0.0419018929190818
3325.17187455718	-0.0353905620693598
3325.2890620567	-0.0391498715137189
3325.40624955621	-0.0449219035719997
3325.52343705572	-0.0557831403494851
3325.64062455523	-0.0670189040663406
3325.75781205474	-0.074347350744883
3325.87499955425	-0.0624057578902865
3325.99218705376	-0.0571400736545228
3326.10937455328	-0.0462675409151765
3326.22656205279	-0.0357549962611042
3326.3437495523	-0.027715268374535
3326.46093705181	-0.025192581278226
3326.57812455132	-0.022593262305119
3326.69531205083	-0.0256987776543463
3326.81249955034	-0.0314914064225966
3326.92968704985	-0.0399602444692978
3327.04687454936	-0.045250676985647
3327.16406204888	-0.0462504816332965
3327.28124954839	-0.0482557389095258
3327.3984370479	-0.0422976417474378
3327.51562454741	-0.0323531725278892
3327.63281204692	-0.0346773759158507
3327.74999954643	-0.0430061260454805
3327.86718704594	-0.0420693856168156
3327.98437454545	-0.0458604988045097
3328.10156204497	-0.0428288003684421
3328.21874954448	-0.0327693833336967
3328.33593704399	-0.0237166304987059
3328.4531245435	-0.0211834936010154
3328.57031204301	-0.0178913073623937
3328.68749954252	-0.0181414523457156
3328.80468704203	-0.020351768043258
3328.92187454154	-0.0146914144973454
3329.03906204106	-0.0147590665724825
3329.15624954057	-0.00888895976695501
3329.27343704008	-7.21714014251706E-4
3329.39062453959	0.00348036217654783
3329.5078120391	-0.00361849176439431
3329.62499953861	-3.59320840282302E-4
3329.74218703812	0.00124681266238824
3329.85937453763	-0.00222399139600227
3329.97656203715	-0.00441265025879748
3330.09374953666	-0.00596326545173162
3330.21093703617	0.00267558438071226
3330.32812453568	0.00504107011710772
3330.44531203519	0.00718241518618908
3330.5624995347	0.00425106319332074
3330.67968703421	0.00765562265839317
3330.79687453372	-0.00563950916260902
3330.91406203324	-0.0118504328789143
3331.03124953275	-0.0143419845353772
3331.14843703226	-0.00922411198292337
3331.26562453177	-0.0100521764165632
3331.38281203128	-0.00565746040899101
3331.49999953079	-0.00243690831607166
3331.6171870303	-0.00696087061804474
3331.73437452981	-0.0138552719232612
3331.85156202933	-0.00565425362406397
3331.96874952884	7.28953573936608E-4
3332.08593702835	8.94399043548598E-5
3332.20312452786	0.00106949400251424
3332.32031202737	0.00882207952068652
3332.43749952688	0.00344517111174518
3332.55468702639	-0.00632686317971121
3332.6718745259	-0.00578130879406809
3332.78906202542	0.00414347239389204
3332.90624952493	0.00813685544985453
3333.02343702444	0.0142969821053189
3333.14062452395	0.0266953372927662
3333.25781202346	0.0274627606497709
3333.37499952297	0.0191002379736471
3333.49218702248	0.0120191032611345
3333.60937452199	0.00903201899423129
3333.72656202151	0.00603599938991487
3333.84374952102	0.00298349027957945
3333.96093702053	0.00567625167953282
3334.07812452004	0.0021104907303275
3334.19531201955	-3.63796036896308E-4
3334.31249951906	-0.00828500391264627
3334.42968701857	-0.00369401337477743
3334.54687451808	-0.00392992239679697
3334.6640620176	-0.00845751941229405
3334.78124951711	-0.0159337777741462
3334.89843701662	-0.0173371870693578
3335.01562451613	-0.0181937234256025
3335.13281201564	-0.015054346601386
3335.24999951515	-0.00607837708959
3335.36718701466	0.00823047439391631
3335.48437451417	0.0257124307838854
3335.60156201369	0.0303605166133606
3335.7187495132	0.022693284345101
3335.83593701271	0.0136818138585441
3335.95312451222	0.0129485548693222
3336.07031201173	0.0188280513514535
3336.18749951124	0.0243425620172152
3336.30468701075	0.0308169399461097
3336.42187451026	0.03822044151958
3336.53906200978	0.0380719170685336
3336.65624950929	0.0213710586755318
3336.7734370088	0.0154313754559558
3336.89062450831	0.0180447789439683
3337.00781200782	0.0216383435122894
3337.12499950733	0.0171313432067617
3337.24218700684	0.0178875595304007
3337.35937450635	0.0122062438638234
3337.47656200587	0.00871787202340016
3337.59374950538	0.00968459883863822
3337.71093700489	0.0130366064040094
3337.8281245044	0.0157208868057401
3337.94531200391	0.0138255796136121
3338.06249950342	0.0173808282435342
3338.17968700293	0.0125467037208454
3338.29687450244	0.0116148985053744
3338.41406200196	0.00750680800910702
3338.53124950147	0.00657394266885809
3338.64843700098	0.00123686466228406
3338.76562450049	-9.91927495672893E-4
3338.882812	0.00257967734510323
